{
  "world_frame": "transforms_aligned.json (ChArUco board frame)",
  "tag_size_m": 0.1,
  "dictionary": "DICT_6X6_250",
  "tag_frame": "origin at tag center, X right, Y up, Z out of tag face; corners TL,TR,BR,BL",
  "tags": {
    "0": {
      "T_world_tag": [
        [
          0.9999913134072352,
          0.0037707788836626142,
          -0.0017760452365309359,
          0.029671038791541923
        ],
        [
          -0.0037388756155487674,
          0.9998374772397833,
          0.017636323764231968,
          0.6052247346648026
        ],
        [
          0.0018422592659924283,
          -0.017629530152442587,
          0.999842890532008,
          -0.006238178711728511
        ],
        [
          0.0,
          0.0,
          0.0,
          1.0
        ]
      ],
      "corners_world": [
        [
          -0.019659114997070275,
          0.655193516783646,
          -0.007014578932376604
        ],
        [
          0.0793925572422463,
          0.654769708669345,
          -0.007216415901873543
        ],
        [
          0.07891101763187484,
          0.5553258095427344,
          -0.0050779104304064715
        ],
        [
          -0.019960304710883187,
          0.5556099036634851,
          -0.0056438095822574225
        ]
      ],
      "side_lengths_m": [
        0.09905278453877507,
        0.099468055975531,
        0.0988733499641085,
        0.09959350242822483
      ],
      "fit_rms_m": 0.0006038663501307149,
      "n_views": 185
    },
    "1": {
      "T_world_tag": [
        [
          0.9999933162246026,
          0.0034385763145680787,
          -0.0012424568607388971,
          0.16275476268639483
        ],
        [
          -0.0034136440962591608,
          0.9998032352028671,
          0.019540673270502733,
          0.6048208129968533
        ],
        [
          0.0013094044852454126,
          -0.019536301359503964,
          0.9998082908183371,
          -0.00621271016215944
        ],
        [
          0.0,
          0.0,
          0.0,
          1.0
        ]
      ],
      "corners_world": [
        [
          0.11351355203241949,
          0.6548454871828333,
          -0.0072831180468867435
        ],
        [
          0.2122708209229995,
          0.6544684545303859,
          -0.007089998337974725
        ],
        [
          0.21204779992221298,
          0.5547679323076263,
          -0.005204712243575379
        ],
        [
          0.1131868778679473,
          0.5552013779665678,
          -0.0052730120202009135
        ]
      ],
      "side_lengths_m": [
        0.0987581774212612,
        0.09971859492349211,
        0.09886189584171616,
        0.09966491731673341
      ],
      "fit_rms_m": 0.0006180180296680572,
      "n_views": 188
    },
    "2": {
      "T_world_tag": [
        [
          0.9999802810595974,
          0.003108809277165992,
          -0.0054564454406602295,
          0.2955500234435462
        ],
        [
          -0.003022656109896285,
          0.9998717526815516,
          0.015727102071353454,
          0.6043144440274792
        ],
        [
          0.005504638226986566,
          -0.015710298991415475,
          0.9998614331314066,
          -0.005842023540488638
        ],
        [
          0.0,
          0.0,
          0.0,
          1.0
        ]
      ],
      "corners_world": [
        [
          0.2464348128718192,
          0.6543605863670369,
          -0.007039819933462671
        ],
        [
          0.3449645585450293,
          0.6538048348576857,
          -0.006208231835770594
        ],
        [
          0.3446207124501915,
          0.5545162062069242,
          -0.004933519307860023
        ],
        [
          0.2461800099071448,
          0.5545761486782704,
          -0.005186523084861266
        ]
      ],
      "side_lengths_m": [
        0.09853482217435533,
        0.09929740631816403,
        0.0984410459167295,
        0.09980197211790534
      ],
      "fit_rms_m": 0.0008122597769651568,
      "n_views": 193
    },
    "3": {
      "T_world_tag": [
        [
          0.9999884108456573,
          0.0032807524787295123,
          -0.0035234695331094264,
          0.02929648645988827
        ],
        [
          -0.0032188664837447256,
          0.9998429346778326,
          0.01742827798089809,
          0.4943293695203244
        ],
        [
          0.0035800939844178804,
          -0.01741673442390802,
          0.999841907647939,
          -0.004367210817687633
        ],
        [
          0.0,
          0.0,
          0.0,
          1.0
        ]
      ],
      "corners_world": [
        [
          -0.019960416417345698,
          0.5442272339230443,
          -0.005272572402510173
        ],
        [
          0.07894343290025262,
          0.5439304750221307,
          -0.00519484460587754
        ],
        [
          0.07853724901077477,
          0.4444735055426239,
          -0.0031866534036060694
        ],
        [
          -0.020334319654128605,
          0.444686263593499,
          -0.003814772858756747
        ]
      ],
      "side_lengths_m": [
        0.09890432506869369,
        0.09947807092673487,
        0.09887379273749367,
        0.09955234681958863
      ],
      "fit_rms_m": 0.0006237704340805017,
      "n_views": 182
    },
    "4": {
      "T_world_tag": [
        [
          0.9999905349059655,
          0.004349586854584933,
          -0.00010579544333631773,
          0.1623271728835976
        ],
        [
          -0.004346479936894252,
          0.9997778660878004,
          0.02062344765267541,
          0.4938687735654168
        ],
        [
          0.00019547541938689386,
          -0.020622792612032183,
          0.9997873084882811,
          -0.00406653294955511
        ],
        [
          0.0,
          0.0,
          0.0,
          1.0
        ]
      ],
      "corners_world": [
        [
          0.11319915156271725,
          0.543783171180796,
          -0.005237106803122012
        ],
        [
          0.21187310524890857,
          0.5433756526910395,
          -0.004946760567399386
        ],
        [
          0.2114562843283553,
          0.44391837787751226,
          -0.0031667149543924363
        ],
        [
          0.1127801503944092,
          0.44439789251231954,
          -0.0029155494733066087
        ]
      ],
      "side_lengths_m": [
        0.09867522236266164,
        0.09947407609723086,
        0.0986776186707703,
        0.09941327278802055
      ],
      "fit_rms_m": 0.0007310628677803128,
      "n_views": 185
    },
    "5": {
      "T_world_tag": [
        [
          0.9999695838801496,
          0.003142189287450107,
          -0.00713848450592315,
          0.2951115265420432
        ],
        [
          -0.0029615635443115997,
          0.9996786907632648,
          0.025174280033735383,
          0.4934715369330005
        ],
        [
          0.007215293197956378,
          -0.025152373254342355,
          0.9996575902096385,
          -0.0035768407409467887
        ],
        [
          0.0,
          0.0,
          0.0,
          1.0
        ]
      ],
      "corners_world": [
        [
          0.24604806463993825,
          0.5433609106533597,
          -0.005041529180592454
        ],
        [
          0.3444691684946305,
          0.5430521932036854,
          -0.004614995689607302
        ],
        [
          0.34423563804390334,
          0.44358074312337914,
          -0.0018276243574845738
        ],
        [
          0.24569323498970072,
          0.44389230075157776,
          -0.002823213736102825
        ]
      ],
      "side_lengths_m": [
        0.09842251226858001,
        0.09951077005276067,
        0.0985479247171823,
        0.09949397561302299
      ],
      "fit_rms_m": 0.0008107383214414355,
      "n_views": 189
    },
    "6": {
      "T_world_tag": [
        [
          0.004236984377134299,
          -0.014634905459716525,
          -0.9998839270163178,
          3.4155071016010194
        ],
        [
          -0.9999901965704087,
          0.0012242271229904178,
          -0.004255353219907332,
          1.3442338580562527
        ],
        [
          0.0012863617153666407,
          0.9998921545897518,
          -0.014629574956257132,
          1.4819681417263229
        ],
        [
          0.0,
          0.0,
          0.0,
          1.0
        ]
      ],
      "corners_world": [
        [
          3.4147364347398663,
          1.3933406596473956,
          1.531814513868872
        ],
        [
          3.414812459358258,
          1.2948094954077136,
          1.5323632571162082
        ],
        [
          3.416612297097639,
          1.2952413895074775,
          1.4321398766950948
        ],
        [
          3.4158672152083134,
          1.393543887662424,
          1.4315549192251167
        ]
      ],
      "side_lengths_m": [
        0.09853272159704758,
        0.10024047052681237,
        0.09830706213577307,
        0.1002661771696918
      ],
      "fit_rms_m": 0.0008772206586065842,
      "n_views": 50
    },
    "7": {
      "T_world_tag": [
        [
          -0.009073506750171698,
          -0.020917774062315778,
          -0.9997400253083464,
          3.4159201283910354
        ],
        [
          -0.9999582327468818,
          0.001286987624564001,
          0.009048559254769106,
          1.211459373688819
        ],
        [
          0.001097377322272386,
          0.9997803710771342,
          -0.020928577875250244,
          1.4826220693513337
        ],
        [
          0.0,
          0.0,
          0.0,
          1.0
        ]
      ],
      "corners_world": [
        [
          3.4155873004174224,
          1.260623390209388,
          1.5325987535972554
        ],
        [
          3.414153152796796,
          1.162092729446083,
          1.5328635745886916
        ],
        [
          3.41678685578554,
          1.1623779006468513,
          1.4328201799957323
        ],
        [
          3.417153204564385,
          1.2607434744529542,
          1.4322057692236554
        ]
      ],
      "side_lengths_m": [
        0.09854145330777672,
        0.10007846179737788,
        0.09836817484445098,
        0.10040526772764924
      ],
      "fit_rms_m": 0.0008651869687339629,
      "n_views": 52
    },
    "8": {
      "T_world_tag": [
        [
          -0.016527616612932377,
          -0.000875227562863298,
          -0.9998630265520418,
          3.4145694865040106
        ],
        [
          -0.9998543370705467,
          0.004274452436446967,
          0.016523731345746917,
          1.0789046208767863
        ],
        [
          0.004259404924843467,
          0.9999904814712399,
          -0.0009457465857520475,
          1.483237788738566
        ],
        [
          0.0,
          0.0,
          0.0,
          1.0
        ]
      ],
      "corners_world": [
        [
          3.4155664545544138,
          1.128488567112585,
          1.5331789104036235
        ],
        [
          3.4134841464287113,
          1.0296925011818572,
          1.5332218305031717
        ],
        [
          3.41402284191077,
          1.029391396324798,
          1.433729629866605
        ],
        [
          3.4152045031221485,
          1.1280460188879047,
          1.432820784180864
        ]
      ],
      "side_lengths_m": [
        0.09881801704473754,
        0.09949411462224388,
        0.09866588507061595,
        0.10035975466646888
      ],
      "fit_rms_m": 0.0007061434061113324,
      "n_views": 52
    },
    "9": {
      "T_world_tag": [
        [
          -0.004698649331158706,
          -0.010734752655941987,
          -0.9999313415329468,
          3.415637526781939
        ],
        [
          -0.99998559387774,
          0.002645454451417506,
          0.0046705040122893005,
          1.3436600148372526
        ],
        [
          0.0025951361132195983,
          0.9999388814603426,
          -0.010747028072571387,
          1.3701286094927894
        ],
        [
          0.0,
          0.0,
          0.0,
          1.0
        ]
      ],
      "corners_world": [
        [
          3.415626543948489,
          1.3932556016597293,
          1.4197982893054528
        ],
        [
          3.4145717941414855,
          1.2938934527935457,
          1.4205650241788126
        ],
        [
          3.4162347456750464,
          1.2947124173989022,
          1.3203841723404177
        ],
        [
          3.416117023362735,
          1.3927785874968335,
          1.3197669521464754
        ]
      ],
      "side_lengths_m": [
        0.09937070497297995,
        0.10019799990965,
        0.09806818310230396,
        0.10003367696121349
      ],
      "fit_rms_m": 0.0008378753819049365,
      "n_views": 55
    },
    "10": {
      "T_world_tag": [
        [
          0.0025140311648235627,
          0.00437335078739576,
          -0.9999872766441543,
          3.4165350672083354
        ],
        [
          -0.9999712113519348,
          0.0071702862359330904,
          -0.0024826321997224454,
          1.2111834442698792
        ],
        [
          0.007159337584344311,
          0.9999647297770983,
          0.00439125120759723,
          1.3705848777564507
        ],
        [
          0.0,
          0.0,
          0.0,
          1.0
        ]
      ],
      "corners_world": [
        [
          3.416818063225442,
          1.2607201162553738,
          1.4201731354710034
        ],
        [
          3.4166885565066956,
          1.1624791981722855,
          1.420864823542369
        ],
        [
          3.4166282280761155,
          1.1615779181433132,
          1.3208924688090284
        ],
        [
          3.4160054210250883,
          1.2599565445085446,
          1.3204090832034008
        ]
      ],
      "side_lengths_m": [
        0.09824343840779566,
        0.099976435504268,
        0.09838178528455521,
        0.09977028392267562
      ],
      "fit_rms_m": 0.0008732850895826107,
      "n_views": 55
    },
    "11": {
      "T_world_tag": [
        [
          -0.008515312488263026,
          -0.001925824274080661,
          -0.999961889600845,
          3.414904628156055
        ],
        [
          -0.9999401760112214,
          0.00688204520288194,
          0.008501873468389043,
          1.0784770395612822
        ],
        [
          0.006865409811091652,
          0.9999744640013015,
          -0.0019843118290517525,
          1.371470882755375
        ],
        [
          0.0,
          0.0,
          0.0,
          1.0
        ]
      ],
      "corners_world": [
        [
          3.4152909123054713,
          1.1280155749549055,
          1.421109361045384
        ],
        [
          3.4143254208023492,
          1.029574731276442,
          1.4217788803070437
        ],
        [
          3.414644624641608,
          1.0288441244160036,
          1.321891038756954
        ],
        [
          3.4153575548747908,
          1.1274737275977778,
          1.3211042509121178
        ]
      ],
      "side_lengths_m": [
        0.09844785489797124,
        0.09989102345562056,
        0.09863531785534228,
        0.10000660024496968
      ],
      "fit_rms_m": 0.0007354515471802299,
      "n_views": 56
    },
    "12": {
      "T_world_tag": [
        [
          0.9999107577972938,
          -0.003812724515306967,
          0.012803888980027793,
          1.3385171032754433
        ],
        [
          0.012829030281289296,
          0.006644267055684969,
          -0.9998956294020565,
          5.841962898193403
        ],
        [
          0.003727254121234841,
          0.9999706579930552,
          0.0066925876649184665,
          0.7126870404975658
        ],
        [
          0.0,
          0.0,
          0.0,
          1.0
        ]
      ],
      "corners_world": [
        [
          1.28870794330792,
          5.842585855537302,
          0.7622347507946682
        ],
        [
          1.3878753964395647,
          5.842001029581396,
          0.7627708353142518
        ],
        [
          1.388132821477785,
          5.843194145546212,
          0.6629011874696017
        ],
        [
          1.289352251876503,
          5.840070562108701,
          0.6628413884117418
        ]
      ],
      "side_lengths_m": [
        0.09917062654147032,
        0.09987710625548896,
        0.0988299614498161,
        0.09942727151213213
      ],
      "fit_rms_m": 0.0010852293976575606,
      "n_views": 22
    },
    "13": {
      "T_world_tag": [
        [
          0.9999987005807274,
          -0.0015366378910608436,
          -0.0004874226591797715,
          1.4704605132305708
        ],
        [
          -0.00042455545023105043,
          0.04065032496805647,
          -0.9991733437360412,
          5.8579224589518155
        ],
        [
          0.0015551815092152421,
          0.9991722523288881,
          0.040649619758249114,
          0.7108724973485081
        ],
        [
          0.0,
          0.0,
          0.0,
          1.0
        ]
      ],
      "corners_world": [
        [
          1.4205854311102832,
          5.85963637682945,
          0.7607083613085291
        ],
        [
          1.519967169739572,
          5.860256969576863,
          0.7605431549492395
        ],
        [
          1.5202818063911114,
          5.855537022386012,
          0.6611410975031142
        ],
        [
          1.421007645681317,
          5.856259467014936,
          0.6610973756331491
        ]
      ],
      "side_lengths_m": [
        0.09938381357886988,
        0.0995145513089905,
        0.09927679901405902,
        0.0996691037998242
      ],
      "fit_rms_m": 0.0005427099837881787,
      "n_views": 22
    },
    "14": {
      "T_world_tag": [
        [
          0.9999905029383765,
          -0.003255946144705639,
          -0.0028970412072092063,
          1.603451342068275
        ],
        [
          -0.0028825743182323564,
          0.004439165488600322,
          -0.9999859921894229,
          5.857310151217441
        ],
        [
          0.0032687609813748936,
          0.9999848461974151,
          0.004429737822833872,
          0.7113887090613228
        ],
        [
          0.0,
          0.0,
          0.0,
          1.0
        ]
      ],
      "corners_world": [
        [
          1.5539907256148466,
          5.856263154557564,
          0.7615691062480492
        ],
        [
          1.6526624565164276,
          5.858803056861658,
          0.7617063409557722
        ],
        [
          1.653104537758335,
          5.855532603423513,
          0.6614719627195041
        ],
        [
          1.5540476483834906,
          5.858641790027028,
          0.6608074263219653
        ]
      ],
      "side_lengths_m": [
        0.09870451061726286,
        0.1002886926922809,
        0.09910790070715507,
        0.10078976777642042
      ],
      "fit_rms_m": 0.0015518629382332955,
      "n_views": 22
    },
    "15": {
      "T_world_tag": [
        [
          0.9999742323076231,
          -0.0013523620052312557,
          0.007050236718579714,
          1.3387573980056866
        ],
        [
          0.007079538454222109,
          0.02304768763212016,
          -0.9997092998617583,
          5.8422193936960305
        ],
        [
          0.0011894772197869607,
          0.9997334520820133,
          0.023056667845215716,
          0.6009989504800739
        ],
        [
          0.0,
          0.0,
          0.0,
          1.0
        ]
      ],
      "corners_world": [
        [
          1.2888975963756835,
          5.843103164398116,
          0.6507451026532999
        ],
        [
          1.388079728825785,
          5.8436217621447435,
          0.6505413807523782
        ],
        [
          1.3885322862736202,
          5.841509309887525,
          0.5511713333020838
        ],
        [
          1.2895199805476578,
          5.840643338353741,
          0.5515379852125339
        ]
      ],
      "side_lengths_m": [
        0.09918369746881384,
        0.09939352892948508,
        0.09901677143540993,
        0.09923955994023773
      ],
      "fit_rms_m": 0.0006420653330275072,
      "n_views": 20
    },
    "16": {
      "T_world_tag": [
        [
          0.9999724237123259,
          -0.002608311627993687,
          -0.006953310387775422,
          1.4703856768881962
        ],
        [
          -0.006879161159074516,
          0.027434290150741406,
          -0.9995999384081976,
          5.856208804787389
        ],
        [
          0.0027980272773782677,
          0.9996202060954831,
          0.027415590618822,
          0.5994358508824777
        ],
        [
          0.0,
          0.0,
          0.0,
          1.0
        ]
      ],
      "corners_world": [
        [
          1.420718500703338,
          5.857775274799628,
          0.6491228554400232
        ],
        [
          1.5195340816340932,
          5.857376519438499,
          0.6493083882000151
        ],
        [
          1.5203503034277797,
          5.854352156102331,
          0.5495817429362544
        ],
        [
          1.4209398217875737,
          5.855331268809098,
          0.5497304169536186
        ]
      ],
      "side_lengths_m": [
        0.09881655965942997,
        0.09977583258068869,
        0.09941541442650488,
        0.09942272867195814
      ],
      "fit_rms_m": 0.0005655435451332483,
      "n_views": 21
    },
    "17": {
      "T_world_tag": [
        [
          0.9996973031973715,
          0.0014518749565785027,
          0.02456000893756378,
          1.6036259455051134
        ],
        [
          0.02448618645872637,
          0.03839949221778913,
          -0.9989624145432721,
          5.853892426065367
        ],
        [
          -0.0023934603843053237,
          0.9992614127727169,
          0.03835231793337108,
          0.6002685786152974
        ],
        [
          0.0,
          0.0,
          0.0,
          1.0
        ]
      ],
      "corners_world": [
        [
          1.5539942251650996,
          5.8542637277727865,
          0.6505403372118759
        ],
        [
          1.6528145096933018,
          5.857340769863713,
          0.6497708733845933
        ],
        [
          1.6533774389790843,
          5.85284491107152,
          0.5499415367975214
        ],
        [
          1.554317608182968,
          5.851120295553447,
          0.550821567067199
        ]
      ],
      "side_lengths_m": [
        0.09887117323490036,
        0.09993210734831429,
        0.09907875064470649,
        0.0997688271047662
      ],
      "fit_rms_m": 0.0007499269066689264,
      "n_views": 22
    },
    "18": {
      "T_world_tag": [
        [
          0.9999630843716325,
          -0.006103164038720188,
          0.006048246248936196,
          -0.10275923696750577
        ],
        [
          0.006036631824168304,
          0.9999217362855389,
          0.010958119361110935,
          2.034099532519057
        ],
        [
          -0.0061146520907355145,
          -0.01092120379946226,
          0.99992166610059,
          -0.014909921040764863
        ],
        [
          0.0,
          0.0,
          0.0,
          1.0
        ]
      ],
      "corners_world": [
        [
          -0.15207061807544625,
          2.0830865455874257,
          -0.015321135086905786
        ],
        [
          -0.05385346510030351,
          2.0836463329307637,
          -0.015576083454374431
        ],
        [
          -0.05355651426872055,
          1.985340796590542,
          -0.014845825828345437
        ],
        [
          -0.1515563504255528,
          1.984324454967498,
          -0.01389663979343379
        ]
      ],
      "side_lengths_m": [
        0.09821907909913648,
        0.09830869712866401,
        0.09800970253597124,
        0.09877370197413701
      ],
      "fit_rms_m": 0.0012197621376892282,
      "n_views": 113
    },
    "19": {
      "T_world_tag": [
        [
          0.9999790682938092,
          -0.003624858905248163,
          0.005359419013494798,
          0.02990646034495269
        ],
        [
          0.003578920101483918,
          0.9999569879973871,
          0.008556487953627226,
          2.03492451333216
        ],
        [
          -0.005390204555706539,
          -0.008537127919295683,
          0.9999490302719121,
          -0.015596101479740734
        ],
        [
          0.0,
          0.0,
          0.0,
          1.0
        ]
      ],
      "corners_world": [
        [
          -0.019418569661906582,
          2.0839391806230716,
          -0.01572078815495336
        ],
        [
          0.07900366151425174,
          2.084454023277514,
          -0.016313428756968684
        ],
        [
          0.07909948279301922,
          1.9858761760158834,
          -0.015409696904598428
        ],
        [
          -0.01905873326555362,
          1.9854286734121716,
          -0.014940492102442473
        ]
      ],
      "side_lengths_m": [
        0.0984253619527769,
        0.0985820363134981,
        0.09816035753565776,
        0.09851425467976954
      ],
      "fit_rms_m": 0.0011268316906883923,
      "n_views": 113
    },
    "20": {
      "T_world_tag": [
        [
          0.9999471831848507,
          -0.004987289550947183,
          0.00898653345946102,
          0.16240047259920812
        ],
        [
          0.004878578971922287,
          0.9999151493979564,
          0.012078636995827051,
          2.0353695649609334
        ],
        [
          -0.009046010606765673,
          -0.012034157527523784,
          0.9998866679502758,
          -0.016952033584747898
        ],
        [
          0.0,
          0.0,
          0.0,
          1.0
        ]
      ],
      "corners_world": [
        [
          0.11338455500115432,
          2.0843081718601577,
          -0.017014723744402854
        ],
        [
          0.21123027937225733,
          2.085043820658545,
          -0.018078914720916665
        ],
        [
          0.2114617021114458,
          1.9864786356531177,
          -0.016714415818690244
        ],
        [
          0.113525353911975,
          1.985647631671914,
          -0.016000080054981828
        ]
      ],
      "side_lengths_m": [
        0.09785427665306674,
        0.09857490100878867,
        0.09794247874057546,
        0.09866585790629813
      ],
      "fit_rms_m": 0.0012793108504624484,
      "n_views": 108
    },
    "21": {
      "T_world_tag": [
        [
          0.9999861879057443,
          -0.0033469878255197316,
          0.0040523660043555645,
          -0.10242584023123957
        ],
        [
          0.0033317435197617873,
          0.9999873705067965,
          0.003762753250172623,
          1.9239218179834143
        ],
        [
          -0.0040649087143454195,
          -0.0037491998344953577,
          0.9999847098919789,
          -0.014383348269364535
        ],
        [
          0.0,
          0.0,
          0.0,
          1.0
        ]
      ],
      "corners_world": [
        [
          -0.15171002117882795,
          1.9727251323788526,
          -0.014410542037516414
        ],
        [
          -0.05327553366447999,
          1.9732648574300353,
          -0.014724918143570657
        ],
        [
          -0.0532760666536359,
          1.8751009183650162,
          -0.014442097102412824
        ],
        [
          -0.15144173942801445,
          1.8745963637597531,
          -0.013955835793958243
        ]
      ],
      "side_lengths_m": [
        0.0984364691955134,
        0.0981643464847914,
        0.09816817374615948,
        0.09813018884913302
      ],
      "fit_rms_m": 0.0012667115085737103,
      "n_views": 117
    },
    "22": {
      "T_world_tag": [
        [
          0.9999941910456972,
          -0.0032653460091396913,
          0.0009774406893996058,
          0.03020786338228227
        ],
        [
          0.003257232023436085,
          0.9999611496468196,
          0.00819082636596556,
          1.9243405558813576
        ],
        [
          -0.0010041485976692716,
          -0.008187595034714982,
          0.9999659769077853,
          -0.014802237052914556
        ],
        [
          0.0,
          0.0,
          0.0,
          1.0
        ]
      ],
      "corners_world": [
        [
          -0.018922820843787595,
          1.9732957371375175,
          -0.015244282148393452
        ],
        [
          0.0791310347740712,
          1.9737836077078328,
          -0.015165979383225427
        ],
        [
          0.07933847098470019,
          1.8753306899855675,
          -0.014537888008351367
        ],
        [
          -0.0187152313858547,
          1.874952188694513,
          -0.014260798671687983
        ]
      ],
      "side_lengths_m": [
        0.09805510058403036,
        0.09845513971644045,
        0.0980548244111486,
        0.09834868506235125
      ],
      "fit_rms_m": 0.0012648312128055732,
      "n_views": 114
    },
    "23": {
      "T_world_tag": [
        [
          0.9999527938318531,
          -0.004745561485370586,
          0.008478782581301454,
          0.16275744009373108
        ],
        [
          0.004708779998653101,
          0.9999794401747117,
          0.004352771392466962,
          1.9251284011626515
        ],
        [
          -0.008499264603287636,
          -0.0043126411929769425,
          0.9999545807821193,
          -0.016070069817234342
        ],
        [
          0.0,
          0.0,
          0.0,
          1.0
        ]
      ],
      "corners_world": [
        [
          0.1136271643524361,
          1.973734461977367,
          -0.015833668537726782
        ],
        [
          0.21184784330664114,
          1.974768984479611,
          -0.016733797617061327
        ],
        [
          0.21189446718937952,
          1.8763767549500079,
          -0.01624309838733081
        ],
        [
          0.11366028552646755,
          1.8756334032436202,
          -0.015469714726818445
        ]
      ],
      "side_lengths_m": [
        0.09823025116221647,
        0.09839346416976387,
        0.09824003838063036,
        0.09810173945486733
      ],
      "fit_rms_m": 0.0012827227535823881,
      "n_views": 110
    },
    "24": {
      "T_world_tag": [
        [
          -0.9999696392789151,
          -5.284657693282232e-05,
          -0.007792158085938291,
          -1.2388550067868715
        ],
        [
          5.144813886921035e-05,
          -0.9999999825363028,
          0.0001796677028201158,
          -1.232839426627261
        ],
        [
          -0.007792167444681481,
          0.00017926135594780634,
          0.9999696245346057,
          0.013479346569065619
        ],
        [
          0.0,
          0.0,
          0.0,
          1.0
        ]
      ],
      "corners_world": [
        [
          -1.1898952290555251,
          -1.2818918508452652,
          0.01384010044422436
        ],
        [
          -1.287826125655278,
          -1.282472926437672,
          0.013136235531154289
        ],
        [
          -1.287356197208648,
          -1.1832070380052682,
          0.013062915092173668
        ],
        [
          -1.190342475228035,
          -1.183785891220839,
          0.013878135208710158
        ]
      ],
      "side_lengths_m": [
        0.09793514988752224,
        0.09926702783354684,
        0.0970188739751976,
        0.09810698644648957
      ],
      "fit_rms_m": 0.0014706202865528847,
      "n_views": 53
    },
    "25": {
      "T_world_tag": [
        [
          -0.9999962883769091,
          -0.0006892532933487905,
          0.0026359367033054583,
          -1.3718597395948366
        ],
        [
          0.0006651430859600516,
          -0.9999580382995861,
          -0.009136696597744746,
          -1.2329840072306506
        ],
        [
          0.002642123593139528,
          -0.009134909410697445,
          0.9999547852843031,
          0.013728603742436762
        ],
        [
          0.0,
          0.0,
          0.0,
          1.0
        ]
      ],
      "corners_world": [
        [
          -1.3227535119187392,
          -1.2821883225632589,
          0.013408402184799363
        ],
        [
          -1.4218237194977272,
          -1.2834288918302355,
          0.013140560708641665
        ],
        [
          -1.4202323198646072,
          -1.1832627501286208,
          0.014569255581208133
        ],
        [
          -1.3226294070982727,
          -1.1830560644004873,
          0.013796196495097881
        ]
      ],
      "side_lengths_m": [
        0.09907833658729988,
        0.1001889697782103,
        0.09760619304026527,
        0.09913309434736696
      ],
      "fit_rms_m": 0.0011411618603537532,
      "n_views": 52
    },
    "26": {
      "T_world_tag": [
        [
          -0.9999686518768499,
          0.007140654462062412,
          0.003421449612129694,
          -1.5038819765747653
        ],
        [
          -0.007120390074856653,
          -0.9999572513642402,
          0.005898770147730806,
          -1.2322611496964444
        ],
        [
          0.0034634244292025282,
          0.005874223176497951,
          0.9999767488263394,
          0.014605916923301559
        ],
        [
          0.0,
          0.0,
          0.0,
          1.0
        ]
      ],
      "corners_world": [
        [
          -1.455583272681128,
          -1.2820274019716436,
          0.01415044359144683
        ],
        [
          -1.5507367007075858,
          -1.2801910252692208,
          0.01563275003844779
        ],
        [
          -1.5537712212281203,
          -1.1842738233764343,
          0.013909757222426905
        ],
        [
          -1.455436711682227,
          -1.1825523481684792,
          0.014730716840884707
        ]
      ],
      "side_lengths_m": [
        0.09518268948176617,
        0.09598065762420663,
        0.09835300310218341,
        0.0994768542240498
      ],
      "fit_rms_m": 0.002450282213602956,
      "n_views": 41
    },
    "27": {
      "T_world_tag": [
        [
          -0.999956110032469,
          -0.0053633481984683325,
          -0.007681959700165588,
          -1.2388618423484328
        ],
        [
          0.005403082478812202,
          -0.999972084822347,
          -0.00516103437072488,
          -1.1221300351139578
        ],
        [
          -0.007654064832501375,
          -0.005202314114952828,
          0.9999571746926912,
          0.01257668227616562
        ],
        [
          0.0,
          0.0,
          0.0,
          1.0
        ]
      ],
      "corners_world": [
        [
          -1.1902358437810763,
          -1.1714586676056455,
          0.01287455112290536
        ],
        [
          -1.2879915325903335,
          -1.1711131008589049,
          0.011767532140858811
        ],
        [
          -1.2873128219905015,
          -1.0725961065282135,
          0.012639032678035438
        ],
        [
          -1.18990717103182,
          -1.0733522654630674,
          0.013025613162862864
        ]
      ],
      "side_lengths_m": [
        0.09776256748866306,
        0.09852318677965152,
        0.09740935303907153,
        0.09810706899544641
      ],
      "fit_rms_m": 0.0014897168107830853,
      "n_views": 56
    },
    "28": {
      "T_world_tag": [
        [
          -0.999983844277152,
          0.005678861789202516,
          -0.00024842195508746845,
          -1.3720164505701344
        ],
        [
          -0.005677699341686104,
          -0.9999739650728909,
          -0.004453415159970547,
          -1.1221211329958531
        ],
        [
          -0.0002737058166233882,
          -0.004451932746658635,
          0.9999900526404977,
          0.013298665089424119
        ],
        [
          0.0,
          0.0,
          0.0,
          1.0
        ]
      ],
      "corners_world": [
        [
          -1.3225619340186958,
          -1.1708030344922056,
          0.012928902591855649
        ],
        [
          -1.421390816558467,
          -1.1716957756264876,
          0.013230865962387954
        ],
        [
          -1.4214077369971352,
          -1.0735851056820895,
          0.01333730298471699
        ],
        [
          -1.3227053147062402,
          -1.0724006161826305,
          0.013697588818735878
        ]
      ],
      "side_lengths_m": [
        0.09883337590444774,
        0.09811072913845656,
        0.09871018684688367,
        0.09840552507714977
      ],
      "fit_rms_m": 0.0011341030493551888,
      "n_views": 55
    },
    "29": {
      "T_world_tag": [
        [
          -0.9999958923030179,
          0.0011704398158206564,
          0.0026163806544023606,
          -1.504689215161226
        ],
        [
          -0.0011743611061443837,
          -0.9999981888648655,
          -0.0014977125832161496,
          -1.1216854808785552
        ],
        [
          0.0026146229333433796,
          -0.0015007790067460898,
          0.9999954556943194,
          0.013994776262748858
        ],
        [
          0.0,
          0.0,
          0.0,
          1.0
        ]
      ],
      "corners_world": [
        [
          -1.4556778312623186,
          -1.170544783422185,
          0.013765321844381737
        ],
        [
          -1.5543211822756502,
          -1.1715770457576906,
          0.014077953281563702
        ],
        [
          -1.5535687997047183,
          -1.072645771671993,
          0.014168068292440803
        ],
        [
          -1.455189047402217,
          -1.0719743226623526,
          0.013967761632609191
        ]
      ],
      "side_lengths_m": [
        0.09864924735183819,
        0.09893417605897188,
        0.09838224753293658,
        0.09857188050319117
      ],
      "fit_rms_m": 0.0011080064050776133,
      "n_views": 47
    }
  }
}