{
    "w": 4284,
    "h": 5712,
    "fl_x": 4024.8166,
    "fl_y": 4000.6211,
    "cx": 2159.5867,
    "cy": 2814.4041,
    "k1": 0.061275848755543684,
    "k2": -0.07999673872474924,
    "p1": -0.002705828579357601,
    "p2": 0.00021305101457548328,
    "camera_model": "OPENCV",
    "frames": [
        {
            "file_path": "images/frame_00047.JPG",
            "transform_matrix": [
                [
                    -0.2350954061160383,
                    0.520191469376705,
                    -0.8210548003701328,
                    -1.0635664839340528
                ],
                [
                    -0.9719305637745762,
                    -0.11798765846718227,
                    0.20354334096271745,
                    0.842870257764426
                ],
                [
                    0.009007176248327958,
                    0.8458603594194113,
                    0.5333283445860494,
                    1.474273846525638
                ],
                [
                    0.0,
                    0.0,
                    0.0,
                    1.0
                ]
            ],
            "colmap_im_id": 47
        },
        {
            "file_path": "images/frame_00046.JPG",
            "transform_matrix": [
                [
                    0.061760404010649694,
                    0.542260486987354,
                    -0.837937477827957,
                    -1.0459353356481635
                ],
                [
                    -0.9964764542030512,
                    0.0812333003152848,
                    -0.020876473332435495,
                    0.2552513372109214
                ],
                [
                    0.056747940186005784,
                    0.8362743061771801,
                    0.5453668087741693,
                    1.4594895875020115
                ],
                [
                    0.0,
                    0.0,
                    0.0,
                    1.0
                ]
            ],
            "colmap_im_id": 46
        },
        {
            "file_path": "images/frame_00019.JPG",
            "transform_matrix": [
                [
                    -0.5539275098280028,
                    0.5076475534152246,
                    -0.6598926241194726,
                    -0.6727913628794026
                ],
                [
                    -0.827242648561012,
                    -0.24611480833398638,
                    0.5050713825990208,
                    0.974307044928961
                ],
                [
                    0.09398890497026255,
                    0.8256642553909317,
                    0.5562774695349699,
                    0.9145422411566484
                ],
                [
                    0.0,
                    0.0,
                    0.0,
                    1.0
                ]
            ],
            "colmap_im_id": 19
        },
        {
            "file_path": "images/frame_00017.JPG",
            "transform_matrix": [
                [
                    -0.6008729869048436,
                    0.4462393404327965,
                    -0.6631908508552823,
                    -0.6613637356856666
                ],
                [
                    -0.7989594471285252,
                    -0.309530208353662,
                    0.5156111441392812,
                    0.9410238719388168
                ],
                [
                    0.02480837463703462,
                    0.839679403800427,
                    0.542515477549929,
                    0.9504155526267567
                ],
                [
                    0.0,
                    0.0,
                    0.0,
                    1.0
                ]
            ],
            "colmap_im_id": 17
        },
        {
            "file_path": "images/frame_00018.JPG",
            "transform_matrix": [
                [
                    -0.5790192815777531,
                    0.5051523225500381,
                    -0.6399670324192361,
                    -0.5951973780946029
                ],
                [
                    -0.8138339088944652,
                    -0.3108250158055928,
                    0.4909808329079734,
                    0.9018978815871965
                ],
                [
                    0.04910234510424761,
                    0.8051142406961602,
                    0.591083766596164,
                    0.9933180612045361
                ],
                [
                    0.0,
                    0.0,
                    0.0,
                    1.0
                ]
            ],
            "colmap_im_id": 18
        },
        {
            "file_path": "images/frame_00016.JPG",
            "transform_matrix": [
                [
                    -0.4812383513669218,
                    0.40250004096762565,
                    -0.7787190547268673,
                    -0.746040654711148
                ],
                [
                    -0.8765485209952217,
                    -0.21233841132356573,
                    0.43194338682016253,
                    0.8268377163917917
                ],
                [
                    0.00850526394271856,
                    0.890452759048813,
                    0.45499620260791307,
                    0.9861717183166032
                ],
                [
                    0.0,
                    0.0,
                    0.0,
                    1.0
                ]
            ],
            "colmap_im_id": 16
        },
        {
            "file_path": "images/frame_00015.JPG",
            "transform_matrix": [
                [
                    -0.3828220190927963,
                    0.42697880886672757,
                    -0.8192291489421407,
                    -0.7845806541059155
                ],
                [
                    -0.9219009659238412,
                    -0.1194074613666421,
                    0.3685654178007776,
                    0.7156029001892151
                ],
                [
                    0.05954755012930814,
                    0.8963431011330004,
                    0.43934398177837064,
                    0.9899104580575893
                ],
                [
                    0.0,
                    0.0,
                    0.0,
                    1.0
                ]
            ],
            "colmap_im_id": 15
        },
        {
            "file_path": "images/frame_00012.JPG",
            "transform_matrix": [
                [
                    -0.21250511030938637,
                    0.5393863264420999,
                    -0.8148030246260081,
                    -0.7503861520453711
                ],
                [
                    -0.9771196921947374,
                    -0.1097271774560282,
                    0.1822005863129812,
                    0.43004574588459754
                ],
                [
                    0.008870468852109225,
                    0.8348786363147815,
                    0.5503625872163863,
                    0.9424314565142404
                ],
                [
                    0.0,
                    0.0,
                    0.0,
                    1.0
                ]
            ],
            "colmap_im_id": 12
        },
        {
            "file_path": "images/frame_00013.JPG",
            "transform_matrix": [
                [
                    -0.20785534845278825,
                    0.42750706128886373,
                    -0.8797919451027777,
                    -0.8077546006243215
                ],
                [
                    -0.9779557328934876,
                    -0.07246340851948692,
                    0.19583574476203028,
                    0.4371551225844168
                ],
                [
                    0.01996844060839499,
                    0.9011030834337973,
                    0.43314488846778704,
                    0.9831677524987495
                ],
                [
                    0.0,
                    0.0,
                    0.0,
                    1.0
                ]
            ],
            "colmap_im_id": 13
        },
        {
            "file_path": "images/frame_00014.JPG",
            "transform_matrix": [
                [
                    -0.14587822887672747,
                    0.46753040625333836,
                    -0.8718571336912813,
                    -0.893299672999345
                ],
                [
                    -0.9827585401755704,
                    0.03271342844698983,
                    0.18197660099920787,
                    0.37909733025281056
                ],
                [
                    0.11360103015276879,
                    0.8833714681988726,
                    0.45469732253489026,
                    0.971077635638019
                ],
                [
                    0.0,
                    0.0,
                    0.0,
                    1.0
                ]
            ],
            "colmap_im_id": 14
        },
        {
            "file_path": "images/frame_00011.JPG",
            "transform_matrix": [
                [
                    0.07888172829893629,
                    0.5152914888531319,
                    -0.8533770294870222,
                    -0.8476877482147095
                ],
                [
                    -0.9967286571679873,
                    0.05587874499144228,
                    -0.05839135071465114,
                    0.175248864953505
                ],
                [
                    0.017597071366361874,
                    0.8551913513206872,
                    0.5180136057147763,
                    0.9626890578926003
                ],
                [
                    0.0,
                    0.0,
                    0.0,
                    1.0
                ]
            ],
            "colmap_im_id": 11
        },
        {
            "file_path": "images/frame_00045.JPG",
            "transform_matrix": [
                [
                    0.0075378785027382985,
                    0.5243438022304161,
                    -0.8514732863984797,
                    -1.0380592847597632
                ],
                [
                    -0.9998448850746713,
                    0.0175066656581709,
                    0.0019293645456026484,
                    0.44400352662502096
                ],
                [
                    0.015918108483572026,
                    0.851326666867709,
                    0.5243944317994064,
                    1.4806885511067365
                ],
                [
                    0.0,
                    0.0,
                    0.0,
                    1.0
                ]
            ],
            "colmap_im_id": 45
        },
        {
            "file_path": "images/frame_00235.JPG",
            "transform_matrix": [
                [
                    -0.18180576787958147,
                    0.7123485591356512,
                    -0.6778688612578957,
                    -0.8624251341298793
                ],
                [
                    -0.9833141016100391,
                    -0.12726526271413716,
                    0.1299881936221216,
                    0.5384783996337716
                ],
                [
                    0.0063277437176453045,
                    0.6901906136739782,
                    0.7235999422718199,
                    1.5991359791587028
                ],
                [
                    0.0,
                    0.0,
                    0.0,
                    1.0
                ]
            ],
            "colmap_im_id": 235
        },
        {
            "file_path": "images/frame_00044.JPG",
            "transform_matrix": [
                [
                    0.11542488325833397,
                    0.6132775557460899,
                    -0.7813883387553852,
                    -1.041309204084872
                ],
                [
                    -0.9932654665517779,
                    0.07921153499839845,
                    -0.08455321211447293,
                    0.14490429876162603
                ],
                [
                    0.010040382486617982,
                    0.785885597489417,
                    0.6182903997137784,
                    1.4514620382769063
                ],
                [
                    0.0,
                    0.0,
                    0.0,
                    1.0
                ]
            ],
            "colmap_im_id": 44
        },
        {
            "file_path": "images/frame_00236.JPG",
            "transform_matrix": [
                [
                    -0.4552272624269635,
                    0.6636079378891294,
                    -0.5936266876697752,
                    -0.744759575216666
                ],
                [
                    -0.8903707049554801,
                    -0.3414222251537765,
                    0.301116043956685,
                    0.815527493550039
                ],
                [
                    -0.00285434761945223,
                    0.6656240447441637,
                    0.7462817723608737,
                    1.5890238413037399
                ],
                [
                    0.0,
                    0.0,
                    0.0,
                    1.0
                ]
            ],
            "colmap_im_id": 236
        },
        {
            "file_path": "images/frame_00123.JPG",
            "transform_matrix": [
                [
                    -0.30365188267717136,
                    0.5304522632618489,
                    -0.7914644215294776,
                    -1.203480964287828
                ],
                [
                    -0.9521650187794871,
                    -0.13903043791918812,
                    0.2721255488642263,
                    0.720608199451475
                ],
                [
                    0.03431196816370156,
                    0.8362361710260928,
                    0.5472949434339336,
                    1.4934426358684032
                ],
                [
                    0.0,
                    0.0,
                    0.0,
                    1.0
                ]
            ],
            "colmap_im_id": 123
        },
        {
            "file_path": "images/frame_00122.JPG",
            "transform_matrix": [
                [
                    -0.026310009096662167,
                    0.6589951134451809,
                    -0.751686918787806,
                    -1.0581282701350248
                ],
                [
                    -0.9989872898693798,
                    0.010122230057371817,
                    0.043839880680685346,
                    0.4802920436873922
                ],
                [
                    0.03649901506567859,
                    0.7520791054896009,
                    0.6580614264528785,
                    1.46191813825917
                ],
                [
                    0.0,
                    0.0,
                    0.0,
                    1.0
                ]
            ],
            "colmap_im_id": 122
        },
        {
            "file_path": "images/frame_00234.JPG",
            "transform_matrix": [
                [
                    0.11461427301073897,
                    0.7234722947910874,
                    -0.6807726544830781,
                    -0.8617721467905008
                ],
                [
                    -0.9933952697999843,
                    0.08720988078647544,
                    -0.07456724905898099,
                    0.2734633466333777
                ],
                [
                    0.005422763247202109,
                    0.6848228058139754,
                    0.7286894525625021,
                    1.6011458366746247
                ],
                [
                    0.0,
                    0.0,
                    0.0,
                    1.0
                ]
            ],
            "colmap_im_id": 234
        },
        {
            "file_path": "images/frame_00120.JPG",
            "transform_matrix": [
                [
                    0.2992707912574859,
                    0.5556871118292616,
                    -0.7756602524604256,
                    -1.2021981420100594
                ],
                [
                    -0.953368951190841,
                    0.14087657485332156,
                    -0.2669109094114941,
                    -0.0005942365199931299
                ],
                [
                    -0.039046592750107405,
                    0.8193690404234527,
                    0.5719350830209295,
                    1.4802870455748274
                ],
                [
                    0.0,
                    0.0,
                    0.0,
                    1.0
                ]
            ],
            "colmap_im_id": 120
        },
        {
            "file_path": "images/frame_00121.JPG",
            "transform_matrix": [
                [
                    0.1477171627396266,
                    0.6355552355074571,
                    -0.7577923082555101,
                    -1.0886417914138782
                ],
                [
                    -0.9889070072894375,
                    0.10697764530267292,
                    -0.10304714619698634,
                    0.23524575487730948
                ],
                [
                    0.01557468349605481,
                    0.7646079557685466,
                    0.6443074601534905,
                    1.4674385747058083
                ],
                [
                    0.0,
                    0.0,
                    0.0,
                    1.0
                ]
            ],
            "colmap_im_id": 121
        },
        {
            "file_path": "images/frame_00043.JPG",
            "transform_matrix": [
                [
                    0.3325801998988737,
                    0.4463847025456233,
                    -0.8307413002665024,
                    -1.0285257383336295
                ],
                [
                    -0.9429536295616674,
                    0.1715302084105209,
                    -0.2853346107627322,
                    -0.060567777674386036
                ],
                [
                    0.015128223018646754,
                    0.8782471661986151,
                    0.47796762644806795,
                    1.4930508476842013
                ],
                [
                    0.0,
                    0.0,
                    0.0,
                    1.0
                ]
            ],
            "colmap_im_id": 43
        },
        {
            "file_path": "images/frame_00233.JPG",
            "transform_matrix": [
                [
                    0.3437687420831892,
                    0.6810597945675118,
                    -0.6465141979803689,
                    -0.8667067588074466
                ],
                [
                    -0.9389072236917319,
                    0.2614693388445771,
                    -0.22380127377578274,
                    0.04425083571475108
                ],
                [
                    0.016621590357876897,
                    0.6839527330655517,
                    0.7293369465933679,
                    1.6058113749000313
                ],
                [
                    0.0,
                    0.0,
                    0.0,
                    1.0
                ]
            ],
            "colmap_im_id": 233
        },
        {
            "file_path": "images/frame_00042.JPG",
            "transform_matrix": [
                [
                    0.3932581851414663,
                    0.5664439269640124,
                    -0.7242163194963419,
                    -0.9156274440184468
                ],
                [
                    -0.9190426257387863,
                    0.2649840809485847,
                    -0.2917946005651755,
                    -0.26147344185502486
                ],
                [
                    0.02662051641867143,
                    0.7803362829251385,
                    0.6247932727360156,
                    1.4233702440020772
                ],
                [
                    0.0,
                    0.0,
                    0.0,
                    1.0
                ]
            ],
            "colmap_im_id": 42
        },
        {
            "file_path": "images/frame_00010.JPG",
            "transform_matrix": [
                [
                    0.14042098535564684,
                    0.47035052606744704,
                    -0.8712360928587751,
                    -0.844914080752479
                ],
                [
                    -0.9895590972585212,
                    0.0955362061532948,
                    -0.10791490326518839,
                    -0.061221017460693306
                ],
                [
                    0.03247675945424796,
                    0.8772931185994285,
                    0.4788549301755598,
                    0.9512239779037529
                ],
                [
                    0.0,
                    0.0,
                    0.0,
                    1.0
                ]
            ],
            "colmap_im_id": 10
        },
        {
            "file_path": "images/frame_00009.JPG",
            "transform_matrix": [
                [
                    0.34693167316469964,
                    0.4604604694104531,
                    -0.8170768447737617,
                    -0.7467638174654965
                ],
                [
                    -0.9363607834268859,
                    0.2197847951036437,
                    -0.27372089270173894,
                    -0.24906229275738556
                ],
                [
                    0.053543416171641975,
                    0.8600411617774779,
                    0.5074074325757518,
                    0.9355222454621293
                ],
                [
                    0.0,
                    0.0,
                    0.0,
                    1.0
                ]
            ],
            "colmap_im_id": 9
        },
        {
            "file_path": "images/frame_00048.JPG",
            "transform_matrix": [
                [
                    -0.2779150389178918,
                    0.49206622039583137,
                    -0.825005494459659,
                    -1.0816152278490152
                ],
                [
                    -0.9604007442710064,
                    -0.12459193978936933,
                    0.24921328002981297,
                    1.1293318513135073
                ],
                [
                    0.019840401885101284,
                    0.8615960093250681,
                    0.5072067380941963,
                    1.4903304119339502
                ],
                [
                    0.0,
                    0.0,
                    0.0,
                    1.0
                ]
            ],
            "colmap_im_id": 48
        },
        {
            "file_path": "images/frame_00237.JPG",
            "transform_matrix": [
                [
                    -0.7229752389913527,
                    0.5413198217049153,
                    -0.4292780619071444,
                    -0.6453482237811113
                ],
                [
                    -0.69085467751013,
                    -0.5710964730005069,
                    0.4433606129199506,
                    0.9752450750213142
                ],
                [
                    -0.005159299154853677,
                    0.6171075021061883,
                    0.7868619399084513,
                    1.5551679305543058
                ],
                [
                    0.0,
                    0.0,
                    0.0,
                    1.0
                ]
            ],
            "colmap_im_id": 237
        },
        {
            "file_path": "images/frame_00232.JPG",
            "transform_matrix": [
                [
                    0.58062329211385,
                    0.5629748740460387,
                    -0.5881631439045806,
                    -0.7770338459664962
                ],
                [
                    -0.8126813818301932,
                    0.4444467522632512,
                    -0.37685017716489777,
                    -0.13056376689097626
                ],
                [
                    0.04925001808569844,
                    0.6967972270291363,
                    0.7155753350438123,
                    1.6157296654625999
                ],
                [
                    0.0,
                    0.0,
                    0.0,
                    1.0
                ]
            ],
            "colmap_im_id": 232
        },
        {
            "file_path": "images/frame_00041.JPG",
            "transform_matrix": [
                [
                    0.5036519965033297,
                    0.508785179504741,
                    -0.6981921709203972,
                    -0.7096282031513371
                ],
                [
                    -0.8637557976177598,
                    0.3116681535601639,
                    -0.39596576132047656,
                    -0.427354823759897
                ],
                [
                    0.016142753789752606,
                    0.8024964817198427,
                    0.5964384363262961,
                    1.4344946487892616
                ],
                [
                    0.0,
                    0.0,
                    0.0,
                    1.0
                ]
            ],
            "colmap_im_id": 41
        },
        {
            "file_path": "images/frame_00006.JPG",
            "transform_matrix": [
                [
                    0.5832692773555583,
                    0.38637814015760774,
                    -0.7144990433173942,
                    -0.6210664377344659
                ],
                [
                    -0.811123150650734,
                    0.32395607095527884,
                    -0.4869617013376348,
                    -0.44578087346465955
                ],
                [
                    0.04331494628358879,
                    0.8635765147915765,
                    0.5023538777882418,
                    0.9735630555913779
                ],
                [
                    0.0,
                    0.0,
                    0.0,
                    1.0
                ]
            ],
            "colmap_im_id": 6
        },
        {
            "file_path": "images/frame_00007.JPG",
            "transform_matrix": [
                [
                    0.6033475165126602,
                    0.31606937827727777,
                    -0.7321693263401703,
                    -0.651347753864943
                ],
                [
                    -0.7941907562570529,
                    0.3214226593910305,
                    -0.5157019650009557,
                    -0.48734552649530505
                ],
                [
                    0.07233821254257423,
                    0.8926296108383434,
                    0.4449489418582012,
                    0.9261749113270408
                ],
                [
                    0.0,
                    0.0,
                    0.0,
                    1.0
                ]
            ],
            "colmap_im_id": 7
        },
        {
            "file_path": "images/frame_00008.JPG",
            "transform_matrix": [
                [
                    0.6394673446982068,
                    0.30291355438489215,
                    -0.7066292476500917,
                    -0.5898319686228787
                ],
                [
                    -0.7597265824426711,
                    0.3899006040963439,
                    -0.5203777847442034,
                    -0.5482842599746458
                ],
                [
                    0.11788568613111303,
                    0.8696096236215518,
                    0.4794601834461125,
                    0.9190493590317022
                ],
                [
                    0.0,
                    0.0,
                    0.0,
                    1.0
                ]
            ],
            "colmap_im_id": 8
        },
        {
            "file_path": "images/frame_00005.JPG",
            "transform_matrix": [
                [
                    0.7203377232471364,
                    0.30965034814827475,
                    -0.6206691762596102,
                    -0.4513971124691092
                ],
                [
                    -0.6917711426632792,
                    0.3860699220063745,
                    -0.6102480655441129,
                    -0.592606255968765
                ],
                [
                    0.050658174517762666,
                    0.868945727427003,
                    0.49230790379688627,
                    0.9854073491492138
                ],
                [
                    0.0,
                    0.0,
                    0.0,
                    1.0
                ]
            ],
            "colmap_im_id": 5
        },
        {
            "file_path": "images/frame_00040.JPG",
            "transform_matrix": [
                [
                    0.6408478646612207,
                    0.4320418883253389,
                    -0.6345500934452913,
                    -0.5875659271385192
                ],
                [
                    -0.7676502856284091,
                    0.3662600914638401,
                    -0.5258959824675594,
                    -0.5530990734995356
                ],
                [
                    0.005201281935666805,
                    0.8241318778770628,
                    0.5663740765016099,
                    1.433096245265374
                ],
                [
                    0.0,
                    0.0,
                    0.0,
                    1.0
                ]
            ],
            "colmap_im_id": 40
        },
        {
            "file_path": "images/frame_00002.JPG",
            "transform_matrix": [
                [
                    0.8144320654559004,
                    0.27695291777319175,
                    -0.5098994921493357,
                    -0.25064558509420976
                ],
                [
                    -0.5780995650964273,
                    0.46301510278034824,
                    -0.6718764078553618,
                    -0.6277767304320607
                ],
                [
                    0.05001303422665848,
                    0.8419703652351539,
                    0.5372007078115444,
                    0.9832823198849179
                ],
                [
                    0.0,
                    0.0,
                    0.0,
                    1.0
                ]
            ],
            "colmap_im_id": 2
        },
        {
            "file_path": "images/frame_00231.JPG",
            "transform_matrix": [
                [
                    0.7905701018174316,
                    0.40990590198205334,
                    -0.45494622279193997,
                    -0.613274119443398
                ],
                [
                    -0.6109123620597096,
                    0.5791830231325313,
                    -0.5397528245388687,
                    -0.3751107894682595
                ],
                [
                    0.04224926028939597,
                    0.7046447170279074,
                    0.708301364370886,
                    1.625847169527296
                ],
                [
                    0.0,
                    0.0,
                    0.0,
                    1.0
                ]
            ],
            "colmap_im_id": 231
        },
        {
            "file_path": "images/frame_00104.JPG",
            "transform_matrix": [
                [
                    0.670635617833869,
                    0.44202202284604236,
                    -0.5957049600361546,
                    -0.3952635705764453
                ],
                [
                    -0.7416440214438212,
                    0.4153103708235824,
                    -0.526765072250443,
                    -0.6162605428608361
                ],
                [
                    0.014560685053280138,
                    0.7950684418372235,
                    0.6063449177203586,
                    1.469115334361701
                ],
                [
                    0.0,
                    0.0,
                    0.0,
                    1.0
                ]
            ],
            "colmap_im_id": 104
        },
        {
            "file_path": "images/frame_00039.JPG",
            "transform_matrix": [
                [
                    0.8259421195813809,
                    0.3059450580828218,
                    -0.4735158250112806,
                    -0.36833039252149896
                ],
                [
                    -0.5637512880890442,
                    0.451245850414553,
                    -0.6917815172882181,
                    -0.7095952112984594
                ],
                [
                    0.0020249146545973646,
                    0.838316648956911,
                    0.5451798747223675,
                    1.4421234711497852
                ],
                [
                    0.0,
                    0.0,
                    0.0,
                    1.0
                ]
            ],
            "colmap_im_id": 39
        },
        {
            "file_path": "images/frame_00230.JPG",
            "transform_matrix": [
                [
                    0.9419721319008544,
                    0.19365939032430807,
                    -0.2741980001046242,
                    -0.275865778294517
                ],
                [
                    -0.32134095919559313,
                    0.7564597751488574,
                    -0.5696565601526898,
                    -0.4214401290239056
                ],
                [
                    0.09710041537199779,
                    0.6247116527814705,
                    0.7747947213382579,
                    1.5802130010363116
                ],
                [
                    0.0,
                    0.0,
                    0.0,
                    1.0
                ]
            ],
            "colmap_im_id": 230
        },
        {
            "file_path": "images/frame_00003.JPG",
            "transform_matrix": [
                [
                    0.9267294013848125,
                    0.07025987030226868,
                    -0.36910183856769707,
                    -0.15409751807312397
                ],
                [
                    -0.3510128211620416,
                    0.5123080272010033,
                    -0.7837923734288816,
                    -0.7110553161793105
                ],
                [
                    0.1340246842518597,
                    0.8559229146894735,
                    0.4994330266618991,
                    0.9920712669798163
                ],
                [
                    0.0,
                    0.0,
                    0.0,
                    1.0
                ]
            ],
            "colmap_im_id": 3
        },
        {
            "file_path": "images/frame_00037.JPG",
            "transform_matrix": [
                [
                    0.8601139459094528,
                    0.26263702169784875,
                    -0.4372937169520656,
                    -0.1394893036586359
                ],
                [
                    -0.5098253003757371,
                    0.4708379966925623,
                    -0.7199928777198584,
                    -0.6743551922191469
                ],
                [
                    0.01679771260794778,
                    0.84221931567984,
                    0.538873325696237,
                    1.447383319308293
                ],
                [
                    0.0,
                    0.0,
                    0.0,
                    1.0
                ]
            ],
            "colmap_im_id": 37
        },
        {
            "file_path": "images/frame_00022.JPG",
            "transform_matrix": [
                [
                    -0.7640253116607904,
                    0.3662113750173453,
                    -0.5311822210405168,
                    -0.5061425614810899
                ],
                [
                    -0.6420885215255838,
                    -0.35100203886693554,
                    0.681556966978068,
                    1.2144550227491673
                ],
                [
                    0.06314787143460113,
                    0.8617927810785833,
                    0.5033145624896223,
                    0.887349484370892
                ],
                [
                    0.0,
                    0.0,
                    0.0,
                    1.0
                ]
            ],
            "colmap_im_id": 22
        },
        {
            "file_path": "images/frame_00020.JPG",
            "transform_matrix": [
                [
                    -0.8001097870299096,
                    0.3652698316018731,
                    -0.47581748477802993,
                    -0.4719967877314939
                ],
                [
                    -0.5968587796883191,
                    -0.40561542679264756,
                    0.6922685336318474,
                    1.1868357114965409
                ],
                [
                    0.059865898539335875,
                    0.8378866723306662,
                    0.5425513786939634,
                    0.9423238910353728
                ],
                [
                    0.0,
                    0.0,
                    0.0,
                    1.0
                ]
            ],
            "colmap_im_id": 20
        },
        {
            "file_path": "images/frame_00021.JPG",
            "transform_matrix": [
                [
                    -0.7923302040276828,
                    0.3589488139595749,
                    -0.49332402814221793,
                    -0.43048383127871975
                ],
                [
                    -0.6078363000877368,
                    -0.3949678973988995,
                    0.6888652933048248,
