{
  "world_frame": "transforms_aligned.json (ChArUco board frame)",
  "tag_size_m": 0.1,
  "tag_sizes_spec": "0-29:0.099,74-249:0.24",
  "dictionary": "DICT_6X6_250",
  "tag_frame": "origin at tag center, X right, Y up, Z out of tag face; corners TL,TR,BR,BL",
  "tags": {
    "0": {
      "T_world_tag": [
        [
          0.9998757104187929,
          0.015758148732521446,
          -0.0004944320363378426,
          0.038268526301954896
        ],
        [
          -0.01575361951068259,
          0.9998429668139477,
          0.008115736873217488,
          0.7286111492815183
        ],
        [
          0.0006222433828220602,
          -0.00810693907750597,
          0.9999669446296544,
          -0.0038332151793153716
        ],
        [
          0.0,
          0.0,
          0.0,
          1.0
        ]
      ],
      "corners_world": [
        [
          -0.010371371067852977,
          0.7795109031855513,
          -0.004251800471951139
        ],
        [
          0.08863060607242855,
          0.778053140357864,
          -0.004228152475479001
        ],
        [
          0.08686160138612492,
          0.67775079187821,
          -0.00337783819867522
        ],
        [
          -0.012046731182880898,
          0.6791297617044479,
          -0.003475069571156127
        ]
      ],
      "side_lengths_m": [
        0.09901271185749004,
        0.10032155063835216,
        0.09891799261662423,
        0.10039812601566106
      ],
      "expected_size_m": 0.099,
      "fit_rms_m": 0.0006882498600733204,
      "n_views": 134
    },
    "1": {
      "T_world_tag": [
        [
          0.9998227235818814,
          0.01811892896906986,
          -0.0051211153397233075,
          0.17165604923591643
        ],
        [
          -0.01805416062592663,
          0.9997598347542473,
          0.012422563996764285,
          0.7269779870809822
        ],
        [
          0.005344968980470312,
          -0.012327904330187827,
          0.9999097229657402,
          -0.0035951030586918406
        ],
        [
          0.0,
          0.0,
          0.0,
          1.0
        ]
      ],
      "corners_world": [
        [
          0.12247859393074925,
          0.778978676391551,
          -0.004584025522229334
        ],
        [
          0.2221768487665303,
          0.7760327163283016,
          -0.0038547812986585383
        ],
        [
          0.22066147502437916,
          0.675637995902271,
          -0.002797302146827891
        ],
        [
          0.12130727922200699,
          0.6772625597018052,
          -0.0031443032670515994
        ]
      ],
      "side_lengths_m": [
        0.0997444359106422,
        0.10041172495857145,
        0.0993680826062992,
        0.10173304857695445
      ],
      "expected_size_m": 0.099,
      "fit_rms_m": 0.0011803654884937412,
      "n_views": 122
    },
    "2": {
      "T_world_tag": [
        [
          0.9998118472304107,
          0.017262234076019817,
          -0.008847904408256679,
          0.3047917292551218
        ],
        [
          -0.01722264858617842,
          0.9998414133676189,
          0.004530837750199915,
          0.7244483126358592
        ],
        [
          0.008924713630697361,
          -0.0043776009121811515,
          0.9999505918278482,
          -0.002462756479992814
        ],
        [
          0.0,
          0.0,
          0.0,
          1.0
        ]
      ],
      "corners_world": [
        [
          0.2559952408275818,
          0.7754329787367111,
          -0.0034051905491724425
        ],
        [
          0.3554896549606541,
          0.7738966630993473,
          -0.0019585660311716192
        ],
        [
          0.3536044739296304,
          0.6734532713462411,
          -0.0020794343741338626
        ],
        [
          0.25407754730262094,
          0.675010337361137,
          -0.002407834965493332
        ]
      ],
      "side_lengths_m": [
        0.09951678969860808,
        0.10046115400264936,
        0.0995396475046063,
        0.10044590169570454
      ],
      "expected_size_m": 0.099,
      "fit_rms_m": 0.0008297703631032096,
      "n_views": 101
    },
    "3": {
      "T_world_tag": [
        [
          0.9998612528699836,
          0.016412855264544862,
          -0.002844853481552606,
          0.036342592862750614
        ],
        [
          -0.01639357548271425,
          0.9998433496474789,
          0.0066728441164157605,
          0.6170409763100905
        ],
        [
          0.002953928258937451,
          -0.0066252809581584665,
          0.9999736896339155,
          -0.00313430430533047
        ],
        [
          0.0,
          0.0,
          0.0,
          1.0
        ]
      ],
      "corners_world": [
        [
          -0.012140444405802704,
          0.6677669309335637,
          -0.0035985476066221255
        ],
        [
          0.08668420739054156,
          0.6663480520246607,
          -0.0033322958656322333
        ],
        [
          0.08484298944946604,
          0.5663297902730164,
          -0.002645744651328707
        ],
        [
          -0.014016380983202464,
          0.567719132009121,
          -0.0029606290977388155
        ]
      ],
      "side_lengths_m": [
        0.09883519570485201,
        0.10003756354438482,
        0.09886963408963262,
        0.10006741801251844
      ],
      "expected_size_m": 0.099,
      "fit_rms_m": 0.0005531526574671336,
      "n_views": 143
    },
    "4": {
      "T_world_tag": [
        [
          0.9998704396456687,
          0.015879669054513046,
          -0.0026343943318096774,
          0.16979813727015672
        ],
        [
          -0.01586256083560613,
          0.9998537455485493,
          0.006392704926237318,
          0.6149212514982798
        ],
        [
          0.002735523078503577,
          -0.0063500884447686345,
          0.9999760963594233,
          -0.0024923660453474534
        ],
        [
          0.0,
          0.0,
          0.0,
          1.0
        ]
      ],
      "corners_world": [
        [
          0.12088871171224412,
          0.6658385233375802,
          -0.0030383116610565434
        ],
        [
          0.2202457034313583,
          0.6642711436379926,
          -0.0025833619790818826
        ],
        [
          0.21878108724776638,
          0.5639396316025306,
          -0.002128993258625343
        ],
        [
          0.11927704668925806,
          0.5656357074150157,
          -0.0022187972826260465
        ]
      ],
      "side_lengths_m": [
        0.09937039529863978,
        0.10034323025905345,
        0.09951853508464487,
        0.1002191268509865
      ],
      "expected_size_m": 0.099,
      "fit_rms_m": 0.000686845422720216,
      "n_views": 130
    },
    "5": {
      "T_world_tag": [
        [
          0.9998710376837279,
          0.013929125130764407,
          -0.007992964053289668,
          0.30336963960739466
        ],
        [
          -0.013854355950567436,
          0.9998604501958767,
          0.009334717740473734,
          0.6130965776209234
        ],
        [
          0.008121873088189093,
          -0.00922277654455781,
          0.9999244849339116,
          -0.0022419326121735387
        ],
        [
          0.0,
          0.0,
          0.0,
          1.0
        ]
      ],
      "corners_world": [
        [
          0.2545269791675004,
          0.6640550829336895,
          -0.0031057368470226955
        ],
        [
          0.35355367230768,
          0.6624815023778372,
          -0.002304154362789915
        ],
        [
          0.352426362299129,
          0.5622800403686061,
          -0.0013730584581195537
        ],
        [
          0.25297154465526916,
          0.5635696848035606,
          -0.0021847807807619905
        ]
      ],
      "side_lengths_m": [
        0.09904243860347985,
        0.10021212878801873,
        0.09946649098299938,
        0.10050165557824577
      ],
      "expected_size_m": 0.099,
      "fit_rms_m": 0.0007031332840354043,
      "n_views": 115
    },
    "6": {
      "T_world_tag": [
        [
          -0.021930293027712836,
          0.0015717668478391735,
          -0.9997582666808489,
          3.44483490697375
        ],
        [
          -0.9997594758900912,
          0.0001949583995579235,
          0.021930626055678526,
          1.4127793198913394
        ],
        [
          0.00022938110260355138,
          0.9999987457693134,
          0.0015671133051860916,
          1.5139555449326627
        ],
        [
          0.0,
          0.0,
          0.0,
          1.0
        ]
      ],
      "corners_world": [
        [
          3.4456050521079944,
          1.4626424228242703,
          1.5641641941695263
        ],
        [
          3.4442204046805505,
          1.3628412494008715,
          1.5640901841701922
        ],
        [
          3.4432697357017443,
          1.3633435482809069,
          1.463938258633253
        ],
        [
          3.446244435404712,
          1.462290059059309,
          1.463629542757679
        ]
      ],
      "side_lengths_m": [
        0.09981080574099004,
        0.10015769698045558,
        0.09899169732374091,
        0.1005373020610988
      ],
      "expected_size_m": 0.099,
      "fit_rms_m": 0.0008414425420184836,
      "n_views": 53
    },
    "7": {
      "T_world_tag": [
        [
          -0.03244474105543572,
          0.001695544653613803,
          -0.9994720926099805,
          3.4415072983183728
        ],
        [
          -0.9994705977235911,
          -0.0024776887343672897,
          0.032440489277802076,
          1.278337697922714
        ],
        [
          -0.0024213764460186567,
          0.9999954930832755,
          0.0017750349978169922,
          1.513769411194684
        ],
        [
          0.0,
          0.0,
          0.0,
          1.0
        ]
      ],
      "corners_world": [
        [
          3.4431592370521473,
          1.3277505020880058,
          1.564228249926809
        ],
        [
          3.4400262765555483,
          1.2286807979426353,
          1.5640101814844716
        ],
        [
          3.4397834494124613,
          1.2292678306360838,
          1.4632840491764658
        ],
        [
          3.443060230253334,
          1.3276516610241311,
          1.4635551641909892
        ]
      ],
      "side_lengths_m": [
        0.09911946970585568,
        0.10072813560338778,
        0.09843875699059937,
        0.10067318294100887
      ],
      "expected_size_m": 0.099,
      "fit_rms_m": 0.0008750022969495143,
      "n_views": 54
    },
    "8": {
      "T_world_tag": [
        [
          -0.015959701078134717,
          -0.0006284638055333957,
          -0.9998724383513837,
          3.4387226198901946
        ],
        [
          -0.9998674091975945,
          -0.0032233298999152123,
          0.0159616468087197,
          1.1446551527761442
        ],
        [
          -0.0032329500439351325,
          0.9999946075742617,
          -0.0005769370953344326,
          1.513684092269715
        ],
        [
          0.0,
          0.0,
          0.0,
          1.0
        ]
      ],
      "corners_world": [
        [
          3.43943751920476,
          1.1938905211562971,
          1.5640093457941968
        ],
        [
          3.4379447594295702,
          1.0950984937516997,
          1.5635860338979495
        ],
        [
          3.4379236077579973,
          1.0954214565611926,
          1.4634609473664046
        ],
        [
          3.439584593168452,
          1.1942101396353877,
          1.4636800420203095
        ]
      ],
      "side_lengths_m": [
        0.09880421146600314,
        0.10012560963768893,
        0.09880288851311418,
        0.10032992067412354
      ],
      "expected_size_m": 0.099,
      "fit_rms_m": 0.0006251916357131192,
      "n_views": 58
    },
    "9": {
      "T_world_tag": [
        [
          -0.016699230337442687,
          -0.0016434055840444364,
          -0.9998592075508548,
          3.444954041274586
        ],
        [
          -0.9998599646671169,
          -0.001062089106060593,
          0.01670098867142955,
          1.4134051140186465
        ],
        [
          -0.001089386069975825,
          0.9999980855905765,
          -0.0016254393785753334,
          1.4016400979206594
        ],
        [
          0.0,
          0.0,
          0.0,
          1.0
        ]
      ],
      "corners_world": [
        [
          3.4456487797605426,
          1.4629900814313026,
          1.4518233763943247
        ],
        [
          3.444093857901351,
          1.363688333513659,
          1.4518728589977299
        ],
        [
          3.444157862180674,
          1.3639502812663917,
          1.3513244511209468
        ],
        [
          3.4459156652557774,
          1.4629917598632336,
          1.3515397051696363
        ]
      ],
      "side_lengths_m": [
        0.09931393341327029,
        0.10054876945904842,
        0.09905731012199456,
        0.1002840263700361
      ],
      "expected_size_m": 0.099,
      "fit_rms_m": 0.0007221849995053714,
      "n_views": 58
    },
    "10": {
      "T_world_tag": [
        [
          -0.026106964170168914,
          -0.0018877517372626368,
          -0.9996573727108685,
          3.4417138753373986
        ],
        [
          -0.9996532468313561,
          -0.003388800628085449,
          0.026113255825945925,
          1.2785515806651584
        ],
        [
          -0.0034369348765638692,
          0.9999924761835371,
          -0.0017986258567890432,
          1.4009770367900438
        ],
        [
          0.0,
          0.0,
          0.0,
          1.0
        ]
      ],
      "corners_world": [
        [
          3.442863810568997,
          1.3275475482299879,
          1.4513180196477509
        ],
        [
          3.4403763438464203,
          1.2292749156763287,
          1.4508247949424
        ],
        [
          3.440480468349809,
          1.2293812251569556,
          1.350731960511751
        ],
        [
          3.4431348785843685,
          1.328002633597362,
          1.3510333720582732
        ]
      ],
      "side_lengths_m": [
        0.09830534609232806,
        0.10009294504598819,
        0.09865758432773014,
        0.10028604650052907
      ],
      "expected_size_m": 0.099,
      "fit_rms_m": 0.0006589570219151016,
      "n_views": 59
    },
    "11": {
      "T_world_tag": [
        [
          -0.019456665254059584,
          -0.00018842099823252237,
          -0.9998106834169755,
          3.4384613659669405
        ],
        [
          -0.9998099903395653,
          -0.0011887814304169173,
          0.019456875800327733,
          1.1454302075564975
        ],
        [
          -0.0011922224583393384,
          0.999999275647857,
          -0.00016525547407114844,
          1.4011101620549369
        ],
        [
          0.0,
          0.0,
          0.0,
          1.0
        ]
      ],
      "corners_world": [
        [
          3.4395952576121473,
          1.1945327952967546,
          1.4514487632874753
        ],
        [
          3.4373098841968566,
          1.0962761382701462,
          1.4511320772847967
        ],
        [
          3.437695276253574,
          1.0960464075873189,
          1.3509029073385466
        ],
        [
          3.4392450458051833,
          1.1948654890717703,
          1.3509569003089288
        ]
      ],
      "side_lengths_m": [
        0.09828374164487305,
        0.10023017415598107,
        0.09883124792460425,
        0.10049302392881129
      ],
      "expected_size_m": 0.099,
      "fit_rms_m": 0.0007563618329139247,
      "n_views": 60
    },
    "12": {
      "T_world_tag": [
        [
          0.9997838649021811,
          -0.00430875053916685,
          0.020338587710268866,
          1.4744934851032907
        ],
        [
          0.020246798503920797,
          -0.02037125512114881,
          -0.9995874544606541,
          5.967023005690364
        ],
        [
          0.004721295542401638,
          0.9997831998156299,
          -0.020279613773960627,
          0.6169355348142879
        ],
        [
          0.0,
          0.0,
          0.0,
          1.0
        ]
      ],
      "corners_world": [
        [
          1.4244280993479403,
          5.965490004649723,
          0.6664383311619461
        ],
        [
          1.5243458288006961,
          5.966524041806522,
          0.6673751582003351
        ],
        [
          1.5240719200500303,
          5.969531143471648,
          0.5671831331374879
        ],
        [
          1.425128092214496,
          5.966546832833561,
          0.5667455167573825
        ]
      ],
      "side_lengths_m": [
        0.09992747138167563,
        0.10023751579434863,
        0.09898979081111645,
        0.09970087321446157
      ],
      "expected_size_m": 0.099,
      "fit_rms_m": 0.000787085361766321,
      "n_views": 18
    },
    "13": {
      "T_world_tag": [
        [
          0.9998467590602182,
          -0.004325832346636138,
          -0.016963064914308087,
          1.6073017318263068
        ],
        [
          -0.016928316348792105,
          0.007946740648797839,
          -0.9998251254187684,
          5.965197393240796
        ],
        [
          0.004459876945998809,
          0.9999590674060461,
          0.0078722938243569,
          0.6180860278674478
        ],
        [
          0.0,
          0.0,
          0.0,
          1.0
        ]
      ],
      "corners_world": [
        [
          1.5580766752855615,
          5.966577037027567,
          0.6675650535512118
        ],
        [
          1.6565447695234934,
          5.9646013711859895,
          0.6681700684836098
        ],
        [
          1.6564846620242584,
          5.964130507256368,
          0.5688897645533734
        ],
        [
          1.558100820471914,
          5.9654806574932575,
          0.5677192248815962
        ]
      ],
      "side_lengths_m": [
        0.09848977044057032,
        0.09928143871959053,
        0.09840006782204054,
        0.09985185092824017
      ],
      "expected_size_m": 0.099,
      "fit_rms_m": 0.0005504411959135566,
      "n_views": 23
    },
    "14": {
      "T_world_tag": [
        [
          0.9999094559442493,
          -0.002965861931590652,
          -0.013125683840353891,
          1.7380016467925556
        ],
        [
          -0.013117150074589322,
          0.0028786932714097413,
          -0.9999098226835106,
          5.960977526670338
        ],
        [
          0.003003379295874492,
          0.9999914583575459,
          0.0028395289667886943,
          0.6186780010472894
        ],
        [
          0.0,
          0.0,
          0.0,
          1.0
        ]
      ],
      "corners_world": [
        [
          1.6889953438594174,
          5.961553306791262,
          0.6683531890610981
        ],
        [
          1.7869928694130923,
          5.960684383760934,
          0.6684607822743561
        ],
        [
          1.7867851070076552,
          5.959988823179273,
          0.5694688246357927
        ],
        [
          1.6892332668900572,
          5.961683592949886,
          0.5684292082179112
        ]
      ],
      "side_lengths_m": [
        0.09800143681689233,
        0.09899461928233777,
        0.09757209927638708,
        0.09992434903166103
      ],
      "expected_size_m": 0.099,
      "fit_rms_m": 0.0007552406549783984,
      "n_views": 15
    },
    "15": {
      "T_world_tag": [
        [
          0.999833926943214,
          -0.003652924900524823,
          -0.017854262039709516,
          1.4732671511469277
        ],
        [
          -0.017844312784825518,
          0.00273834384895806,
          -0.9998370277071168,
          5.967194554112072
        ],
        [
          0.0037012206836122274,
          0.9999895787520168,
          0.002672705149320422,
          0.5062763238292308
        ],
        [
          0.0,
          0.0,
          0.0,
          1.0
        ]
      ],
      "corners_world": [
        [
          1.4244048565680048,
          5.967119223536778,
          0.5553548265173929
        ],
        [
          1.5224994429165064,
          5.967528503266727,
          0.556416569067968
        ],
        [
          1.5217312191579666,
          5.9651189492072385,
          0.45723028806646365
        ],
        [
          1.4244330859452337,
          5.9690115404375454,
          0.45610361166509855
        ]
      ],
      "side_lengths_m": [
        0.09810118591548574,
        0.09921851872215268,
        0.09738248504162533,
        0.09926925661959476
      ],
      "expected_size_m": 0.099,
      "fit_rms_m": 0.001374508288465625,
      "n_views": 18
    },
    "16": {
      "T_world_tag": [
        [
          0.9999902854007945,
          0.0010855715449814562,
          0.004272076597907165,
          1.6053689701894789
        ],
        [
          0.004262401493168672,
          0.008763720891206167,
          -0.9999525134373394,
          5.961876733261359
        ],
        [
          -0.0011229592818502443,
          0.9999610086051165,
          0.008759008613395573,
          0.5066850406597123
        ],
        [
          0.0,
          0.0,
          0.0,
          1.0
        ]
      ],
      "corners_world": [
        [
          1.5559506549233462,
          5.961835435156224,
          0.5558577207914865
        ],
        [
          1.6554036412506024,
          5.9627815309764,
          0.5557912324990317
        ],
        [
          1.6541616136955892,
          5.961397645554649,
          0.4579775166586315
        ],
        [
          1.5559599708883773,
          5.961492321358164,
          0.45711369268969926
        ]
      ],
      "side_lengths_m": [
        0.0994575085521621,
        0.09783138953226878,
        0.09820548765416474,
        0.09874462466196415
      ],
      "expected_size_m": 0.099,
      "fit_rms_m": 0.0006966940881062344,
      "n_views": 15
    },
    "18": {
      "T_world_tag": [
        [
          0.9999254168737464,
          0.012171013513833318,
          -0.0010134692448851349,
          -0.07608308913731282
        ],
        [
          -0.012173742577912539,
          0.9999221660566874,
          -0.002731633238378669,
          2.1684051250044325
        ],
        [
          0.0009801436175182364,
          0.002743767218329836,
          0.9999957555209625,
          0.001614076927564979
        ],
        [
          0.0,
          0.0,
          0.0,
          1.0
        ]
      ],
      "corners_world": [
        [
          -0.12559473988752193,
          2.2191276683033134,
          0.0016958966987554475
        ],
        [
          -0.026079051006388857,
          2.21748434721728,
          0.001805379155022744
        ],
        [
          -0.026616081062411267,
          2.117392484100225,
          0.0015183045609068364
        ],
        [
          -0.12604248459292927,
          2.1196160003969116,
          0.001436727295574888
        ]
      ],
      "side_lengths_m": [
        0.09952931640520046,
        0.10009371546379399,
        0.0994512966159077,
        0.09951301268484829
      ],
      "expected_size_m": 0.099,
      "fit_rms_m": 0.0007086089439542167,
      "n_views": 73
    },
    "19": {
      "T_world_tag": [
        [
          0.9999557970914216,
          0.008708968778183907,
          0.0035436882029699327,
          0.05744442831812061
        ],
        [
          -0.008704074505415167,
          0.9999611468771644,
          -0.0013942105686697824,
          2.1674924334163133
        ],
        [
          -0.003555692655929651,
          0.0013633044143648656,
          0.9999927491991182,
          0.00128319582520496
        ],
        [
          0.0,
          0.0,
          0.0,
          1.0
        ]
      ],
      "corners_world": [
        [
          0.00861283841179389,
          2.217632040807778,
          0.0016244533364255032
        ],
        [
          0.10714688896018666,
          2.2169802479511174,
          0.0010777548089891547
        ],
        [
          0.10630383568696199,
          2.117149876049515,
          0.0011381700798332678
        ],
        [
          0.007714150213539911,
          2.118207568856843,
          0.0012924050755719141
        ]
      ],
      "side_lengths_m": [
        0.09853772288154987,
        0.0998339498509333,
        0.09859547953256718,
        0.09942908789306835
      ],
      "expected_size_m": 0.099,
      "fit_rms_m": 0.0004084238976062064,
      "n_views": 72
    },
    "20": {
      "T_world_tag": [
        [
          0.9999377845316839,
          0.010272824261185223,
          0.0043469699292671945,
          0.19044354384241746
        ],
        [
          -0.010269085801233792,
          0.9999468830388685,
          -0.0008814633616257534,
          2.166195132178479
        ],
        [
          -0.004355794149641078,
          0.0008367691137908785,
          0.9999901633890087,
          0.0006711636150367608
        ],
        [
          0.0,
          0.0,
          0.0,
          1.0
        ]
      ],
      "corners_world": [
        [
          0.1418003179874526,
          2.2164993848677295,
          0.0010038406682036604
        ],
        [
          0.24014884849339754,
          2.215738937971874,
          0.00042188296290094387
        ],
        [
          0.2389972200856743,
          2.1156785367809823,
          0.0004924537435740158
        ],
        [
          0.14082778880314542,
          2.116863669093329,
          0.0007664770854684232
        ]
      ],
      "side_lengths_m": [
        0.09835319215425069,
        0.10006705309294739,
        0.0981769670835519,
        0.0996407447401003
      ],
      "expected_size_m": 0.099,
      "fit_rms_m": 0.0005807211368648127,
      "n_views": 73
    },
    "21": {
      "T_world_tag": [
        [
          0.9999627496838511,
          0.008626387222729681,
          -0.00029101236262893214,
          -0.0769843760853331
        ],
        [
          -0.008628516165776812,
          0.9999279315995147,
          -0.008347473623342035,
          2.056533141471537
        ],
        [
          0.000218982850026965,
          0.008349673682185903,
          0.9999651168895405,
          0.0010156475355261923
        ],
        [
          0.0,
          0.0,
          0.0,
          1.0
        ]
      ],
      "corners_world": [
        [
          -0.12606516394890457,
          2.1067918474528597,
          0.0013849355670533397
        ],
        [
          -0.02720003531799675,
          2.1055672420228713,
          0.0014754372509213883
        ],
        [
          -0.027944406259598275,
          2.0064932602952825,
          0.0005762218993668975
        ],
        [
          -0.12672789881483276,
          2.0072802161151344,
          0.0006259954247631444
        ]
      ],
      "side_lengths_m": [
        0.09887275412478348,
        0.09908085855353577,
        0.09878663967498993,
        0.09951673215664518
      ],
      "expected_size_m": 0.099,
      "fit_rms_m": 0.000234325917113476,
      "n_views": 75
    },
    "22": {
      "T_world_tag": [
        [
          0.9999417928170596,
          0.010780865996737027,
          0.00042884281982521653,
          0.05617893852813719
        ],
        [
          -0.010778877773219009,
          0.9999322435485044,
          -0.004395919244442981,
          2.0560043227992892
        ],
        [
          -0.00047620557926431354,
          0.0043910409260285105,
          0.9999902459463453,
          0.0009519902584202539
        ],
        [
          0.0,
          0.0,
          0.0,
          1.0
        ]
      ],
      "corners_world": [
        [
          0.007434413970743711,
          2.105807020931955,
          0.001368182807625634
        ],
        [
          0.10594306033241438,
          2.1049136747337966,
          0.0009692948911599109
        ],
        [
          0.10494444197350844,
          2.0059881944333915,
          0.000887566143932218
        ],
        [
          0.006393837835882237,
          2.007308401098014,
          0.0005829171909632529
        ]
      ],
      "side_lengths_m": [
        0.09851350459205255,
        0.09893055428370305,
        0.09855991747415867,
        0.09850724618002654
      ],
      "expected_size_m": 0.099,
      "fit_rms_m": 0.0003422522176158855,
      "n_views": 79
    },
    "23": {
      "T_world_tag": [
        [
          0.9999473222820641,
          0.009566816105254006,
          0.0037186947358109337,
          0.18879400571016366
        ],
        [
          -0.009556611817504113,
          0.9999505470531473,
          -0.0027522025146297226,
          2.0539381711672657
        ],
        [
          -0.003744840650739681,
          0.002716519412824013,
          0.9999892982881268,
          0.0004912218088686092
        ],
        [
          0.0,
          0.0,
          0.0,
          1.0
        ]
      ],
      "corners_world": [
        [
          0.13905764828690903,
          2.1049387672791204,
          0.0007075854382133573
        ],
        [
          0.238888144413548,
          2.1025997669717156,
          0.000547821156537566
        ],
        [
          0.23794359279093144,
          2.0037323739792505,
          6.131139056540117e-05
        ],
        [
          0.13928663734926616,
          2.004481776438977,
          0.0006481692501581125
        ]
      ],
      "side_lengths_m": [
        0.09985802122991731,
        0.09887310183587193,
        0.09866154703435749,
        0.1004572693981415
      ],
      "expected_size_m": 0.099,
      "fit_rms_m": 0.0007472685692161236,
      "n_views": 72
    },
    "24": {
      "T_world_tag": [
        [
          -0.999961290138205,
          -0.006458851930582321,
          -0.005975069612649359,
          -1.2606180575480213
        ],
        [
          0.006464027394858685,
          -0.9999787490155508,
          -0.0008472704017208395,
          -1.1014256497928052
        ],
        [
          -0.005969470242468056,
          -0.0008858606176630388,
          0.9999817901721962,
          -0.005749849939504807
        ],
        [
          0.0,
          0.0,
          0.0,
          1.0
        ]
      ],
      "corners_world": [
        [
          -1.2113510053768817,
          -1.1514315847238463,
          -0.005228923436941086
        ],
        [
          -1.3104692949934542,
          -1.1506520243837792,
          -0.006358345183113216
        ],
        [
          -1.3099482747141025,
          -1.051501382612684,
          -0.005733390268615486
        ],
        [
          -1.2107036551076467,
          -1.0521176074509122,
          -0.005678740869349441
        ]
      ],
      "side_lengths_m": [
        0.09912778946551408,
        0.09915398022468237,
        0.09924654775073137,
        0.09931710567602366
      ],
      "expected_size_m": 0.099,
      "fit_rms_m": 0.00031429904555691505,
      "n_views": 58
    },
    "25": {
      "T_world_tag": [
        [
          -0.9999646571396035,
          -0.008140613184932755,
          0.00210116364168439,
          -1.3938962186127495
        ],
        [
          0.008131852357708969,
          -0.9999583454764972,
          -0.004144911234204582,
          -1.0996396245950382
        ],
        [
          0.0021348182377576358,
          -0.004127678388671912,
          0.9999892023528112,
          -0.005741674940322591
        ],
        [
          0.0,
          0.0,
          0.0,
          1.0
        ]
      ],
      "corners_world": [
        [
          -1.345010139586437,
          -1.1497980545325899,
          -0.0057600267443011464
        ],
        [
          -1.4436787458163993,
          -1.1487996241962082,
          -0.006133110051120293
        ],
        [
          -1.4431724623285598,
          -1.0497619662491082,
          -0.00513912423033374
        ],
        [
          -1.3437235267196015,
          -1.0501988534022464,
          -0.005934438735535186
        ]
      ],
      "side_lengths_m": [
        0.09867436298073484,
        0.09904393985716015,
        0.09945307531344365,
        0.09960766365101838
      ],
      "expected_size_m": 0.099,
      "fit_rms_m": 0.00041716367853032824,
      "n_views": 52
    },
    "26": {
      "T_world_tag": [
        [
          -0.999939618079446,
          -0.010894202259573216,
          -0.0014410247253590282,
          -1.5272984206806486
        ],
        [
          0.01090117426789089,
          -0.9999284653570646,
          -0.004922252354998565,
          -1.097925842439399
        ],
        [
          -0.0013872976294418244,
          -0.004937664001603397,
          0.9999868473532513,
          -0.005084208433636243
        ],
        [
          0.0,
          0.0,
          0.0,
          1.0
        ]
      ],
      "corners_world": [
        [
          -1.4781426142471772,
          -1.148006386217361,
          -0.005110849029744705
        ],
        [
          -1.5777699303960042,
          -1.1472271206513798,
          -0.005548652664887516
        ],
        [
          -1.5762840537417628,
          -1.0477732366708685,
          -0.004758895785117885
        ],
        [
          -1.4769970843376505,
          -1.0486966262179862,
          -0.0049184362547948675
        ]
      ],
      "side_lengths_m": [
        0.09963132564541936,
        0.09946811843083067,
        0.09929139134320922,
        0.09931655296365766
      ],
      "expected_size_m": 0.099,
      "fit_rms_m": 0.00038641895621473025,
      "n_views": 51
    },
    "27": {
      "T_world_tag": [
        [
          -0.9999684557765663,
          -0.00793924692050453,
          -0.00023624175093823785,
          -1.259128988713667
        ],
        [
          0.007940813951878484,
          -0.9999395588829527,
          -0.007604081453235563,
          -0.9899590041389525
        ],
        [
          -0.00017585679196205177,
          -0.007605717540183059,
          0.9999710606488008,
          -0.005137335663232686
        ],
        [
          0.0,
          0.0,
          0.0,
          1.0
        ]
      ],
      "corners_world": [
        [
          -1.209798348054894,
          -1.0398694871209315,
          -0.005242840733678592
        ],
        [
          -1.309206301318263,
          -1.0388396830851778,
          -0.005783244775475417
        ],
        [
          -1.3083450231326366,
          -0.9402521285236464,
          -0.004508601815420248
        ],
        [
          -1.2091662823488742,
          -0.940874717826054,
          -0.005014655328356487
        ]
      ],
      "side_lengths_m": [
        0.09941475597159925,
        0.0985995559280649,
        0.09918198592007596,
        0.09899705007414084
      ],
      "expected_size_m": 0.099,
      "fit_rms_m": 0.00033932127799240564,
      "n_views": 58
    },
    "28": {
      "T_world_tag": [
        [
          -0.9999384635650774,
          -0.011055074550397281,
          -0.0009243428999833569,
          -1.3922127295590854
        ],
        [
          0.0110567106743224,
          -0.9999372811500109,
          -0.0017840726969379991,
          -0.9882624591903952
        ],
        [
          -0.0009045618695916961,
          -0.0017941831034735674,
          0.9999979813353702,
          -0.0046661894467079626
        ],
        [
          0.0,
          0.0,
          0.0,
          1.0
        ]
      ],
      "corners_world": [
        [
          -1.343046346275627,
          -1.0384545266210703,
          -0.0048097730362328265
        ],
        [
          -1.4423669366118408,
          -1.0371644206778299,
          -0.004700310255218649
        ],
        [
          -1.4412160298852006,
          -0.938156337669907,
          -0.004721576047770708
        ],
        [
          -1.3422216054636738,
          -0.939274551792774,
          -0.004433098447609665
        ]
      ],
      "side_lengths_m": [
        0.09932902909109306,
        0.09901477434924093,
        0.09900116003714181,
        0.09918411913252095
      ],
      "expected_size_m": 0.099,
      "fit_rms_m": 0.0001828621590475494,
      "n_views": 52
    },
    "29": {
      "T_world_tag": [
        [
          -0.9999624612738286,
          -0.008314028463285605,
          -0.002439871697205732,
          -1.5258112495155514
        ],
        [
          0.00832544268993346,
          -0.9999542694916653,
          -0.004705946175552971,
          -0.9864666166494109
        ],
        [
          -0.0024006347501825086,
          -0.004726082532313987,
          0.9999859504496521,
          -0.004457117110498201
        ],
        [
          0.0,
          0.0,
          0.0,
          1.0
        ]
      ],
      "corners_world": [
        [
          -1.4763878767233907,
          -1.0364502793435297,
          -0.004657711515270649
        ],
        [
          -1.5761439319818351,
          -1.035456950584418,
          -0.004724514180649458
        ],
        [
          -1.574759035919636,
          -0.9367360965407768,
          -0.0044284717244899
        ],
        [
          -1.4759541534373448,
          -0.9372231401289188,
          -0.004017771021582798
        ]
      ],
      "side_lengths_m": [
        0.09976102307687909,
        0.09873101134570053,
        0.0988069364410388,
        0.09923015064203064
      ],
      "expected_size_m": 0.099,
      "fit_rms_m": 0.0003223155354339957,
      "n_views": 50
    },
    "79": {
      "T_world_tag": [
        [
          0.02104162301170819,
          0.0013711669265340431,
          -0.9997776602836712,
          3.42854202697195
        ],
        [
          0.9997724318030204,
          0.0034839969061053327,
          0.021046291175237708,
          0.582974154175959
        ],
        [
          0.003512080253607233,
          -0.9999929908088443,
