{
    "w": 4284,
    "h": 5712,
    "fl_x": 4024.8166,
    "fl_y": 4000.6211,
    "cx": 2159.5867,
    "cy": 2814.4041,
    "k1": 0.08061252229051562,
    "k2": -0.112231869717461,
    "p1": -0.0014413513808526968,
    "p2": 3.587399575997902e-07,
    "camera_model": "OPENCV",
    "frames": [
        {
            "file_path": "images/frame_00003.JPG",
            "transform_matrix": [
                [
                    -0.19751379053446416,
                    0.7535783219117963,
                    -0.6269832655608193,
                    -0.5053500283191228
                ],
                [
                    -0.9801074255578647,
                    -0.16448375359440326,
                    0.11106092548610542,
                    0.20471380652168714
                ],
                [
                    -0.019435455102529718,
                    0.636447018649704,
                    0.771075518698954,
                    1.2774528777757843
                ],
                [
                    0.0,
                    0.0,
                    0.0,
                    1.0
                ]
            ],
            "colmap_im_id": 3
        },
        {
            "file_path": "images/frame_00025.JPG",
            "transform_matrix": [
                [
                    0.5917345924313425,
                    0.48350366180880716,
                    -0.6450382788157519,
                    -0.6482323687724454
                ],
                [
                    -0.8045697489974157,
                    0.40402841179957766,
                    -0.4352339157935027,
                    -0.3122270153674138
                ],
                [
                    0.05017659931031679,
                    0.7765212498548802,
                    0.6280900074077493,
                    1.4001457829908905
                ],
                [
                    0.0,
                    0.0,
                    0.0,
                    1.0
                ]
            ],
            "colmap_im_id": 25
        },
        {
            "file_path": "images/frame_00002.JPG",
            "transform_matrix": [
                [
                    0.21772213070720509,
                    0.7718153047599333,
                    -0.5974095823960696,
                    -0.375981592249103
                ],
                [
                    -0.9760022704349667,
                    0.17472840332235148,
                    -0.1299598137048968,
                    0.00011606849711331968
                ],
                [
                    0.004079449240348964,
                    0.6113682363443108,
                    0.7913357300685611,
                    1.2184246704756283
                ],
                [
                    0.0,
                    0.0,
                    0.0,
                    1.0
                ]
            ],
            "colmap_im_id": 2
        },
        {
            "file_path": "images/frame_00001.JPG",
            "transform_matrix": [
                [
                    0.631606988548967,
                    0.6698504196719071,
                    -0.390349878034405,
                    -0.12123555661097624
                ],
                [
                    -0.7739888387545455,
                    0.573937970601285,
                    -0.26746305050505204,
                    -0.07640982508265348
                ],
                [
                    0.04487638019598778,
                    0.4710579806854439,
                    0.8809599816864876,
                    0.9524281728015147
                ],
                [
                    0.0,
                    0.0,
                    0.0,
                    1.0
                ]
            ],
            "colmap_im_id": 1
        },
        {
            "file_path": "images/frame_00024.JPG",
            "transform_matrix": [
                [
                    0.7566402055750435,
                    0.5192994020430811,
                    -0.3972703491893825,
                    -0.15206421804693895
                ],
                [
                    -0.6457419061961943,
                    0.6888023932261769,
                    -0.32949757763600684,
                    -0.20826621267536338
                ],
                [
                    0.10253287223842356,
                    0.5058452274397668,
                    0.8565089701730797,
                    1.3315569446190738
                ],
                [
                    0.0,
                    0.0,
                    0.0,
                    1.0
                ]
            ],
            "colmap_im_id": 24
        },
        {
            "file_path": "images/frame_00023.JPG",
            "transform_matrix": [
                [
                    0.656326922805425,
                    0.4892816126235553,
                    -0.5743156570643488,
                    -0.45032367431039233
                ],
                [
                    -0.7511334627356443,
                    0.49532540355720156,
                    -0.43640722467628223,
                    -0.4096736776787173
                ],
                [
                    0.07094710395443635,
                    0.7178135190558815,
                    0.6926111898468652,
                    1.4061792600180412
                ],
                [
                    0.0,
                    0.0,
                    0.0,
                    1.0
                ]
            ],
            "colmap_im_id": 23
        },
        {
            "file_path": "images/frame_00026.JPG",
            "transform_matrix": [
                [
                    0.19578239931735603,
                    0.6376748289815256,
                    -0.745010110401813,
                    -0.6570558966436929
                ],
                [
                    -0.9806471077690121,
                    0.126760273625681,
                    -0.14920818695572022,
                    -0.08723551484579595
                ],
                [
                    -0.0007086196511998425,
                    0.759804346864194,
                    0.6501514072463934,
                    1.4112022907733897
                ],
                [
                    0.0,
                    0.0,
                    0.0,
                    1.0
                ]
            ],
            "colmap_im_id": 26
        },
        {
            "file_path": "images/frame_00022.JPG",
            "transform_matrix": [
                [
                    0.5494033152611452,
                    0.5615579465550661,
                    -0.6187153382945343,
                    -0.625587768399937
                ],
                [
                    -0.8352238664285407,
                    0.3481763129645745,
                    -0.4256458011522647,
                    -0.5082600220320121
                ],
                [
                    -0.02360275679283145,
                    0.7506170313490439,
                    0.660315819983534,
                    1.4729118680856035
                ],
                [
                    0.0,
                    0.0,
                    0.0,
                    1.0
                ]
            ],
            "colmap_im_id": 22
        },
        {
            "file_path": "images/frame_00021.JPG",
            "transform_matrix": [
                [
                    0.7317870833264847,
                    0.4548653219007591,
                    -0.5075285249211471,
                    -0.44918330967021747
                ],
                [
                    -0.6809490455697319,
                    0.4571576942139394,
                    -0.5721147087417564,
                    -0.6943267097074228
                ],
                [
                    -0.028214570955224318,
                    0.7642672186827802,
                    0.6442822024801708,
                    1.4726162490198964
                ],
                [
                    0.0,
                    0.0,
                    0.0,
                    1.0
                ]
            ],
            "colmap_im_id": 21
        },
        {
            "file_path": "images/frame_00066.JPG",
            "transform_matrix": [
                [
                    0.8212364276862144,
                    0.431915969192098,
                    -0.3728529541227159,
                    -0.549403705417001
                ],
                [
                    -0.5670960035886267,
                    0.5456593925584202,
                    -0.6169748374338972,
                    -0.6082123159056545
                ],
                [
                    -0.06303056841718517,
                    0.7181256316757024,
                    0.693053190293054,
                    1.515886446613688
                ],
                [
                    0.0,
                    0.0,
                    0.0,
                    1.0
                ]
            ],
            "colmap_im_id": 66
        },
        {
            "file_path": "images/frame_00067.JPG",
            "transform_matrix": [
                [
                    0.7150122763887737,
                    0.5091719001968634,
                    -0.4790630654342487,
                    -0.7453648824341399
                ],
                [
                    -0.6972931307867082,
                    0.4700013974320169,
                    -0.5411847892999408,
                    -0.3536656039492536
                ],
                [
                    -0.05039577731332746,
                    0.7210011528852546,
                    0.6910988374806597,
                    1.5134679868990584
                ],
                [
                    0.0,
                    0.0,
                    0.0,
                    1.0
                ]
            ],
            "colmap_im_id": 67
        },
        {
            "file_path": "images/frame_00020.JPG",
            "transform_matrix": [
                [
                    0.9170037394618697,
                    0.28581031052279343,
                    -0.2782384017561414,
                    -0.2082612012900318
                ],
                [
                    -0.39805837324375665,
                    0.611002566979414,
                    -0.6842699720396185,
                    -0.7777974110472088
                ],
                [
                    -0.02556703548481508,
                    0.7382332487387918,
                    0.6740608260039204,
                    1.4631704876008953
                ],
                [
                    0.0,
                    0.0,
                    0.0,
                    1.0
                ]
            ],
            "colmap_im_id": 20
        },
        {
            "file_path": "images/frame_00065.JPG",
            "transform_matrix": [
                [
                    0.9460413239235781,
                    0.24592436888635172,
                    -0.21101426069527365,
                    -0.3113854265809176
                ],
                [
                    -0.32173456524265814,
                    0.6352071333250393,
                    -0.702138709445009,
                    -0.7440235941451951
                ],
                [
                    -0.03863525536399416,
                    0.7321428156861439,
                    0.6800545672827467,
                    1.52190092185334
                ],
                [
                    0.0,
                    0.0,
                    0.0,
                    1.0
                ]
            ],
            "colmap_im_id": 65
        },
        {
            "file_path": "images/frame_00019.JPG",
            "transform_matrix": [
                [
                    0.9959539705567942,
                    0.08397952568486856,
                    -0.03198636893898032,
                    0.0805085975088197
                ],
                [
                    -0.08159755083541159,
                    0.6959789071876554,
                    -0.7134109618218232,
                    -0.7741287201883407
                ],
                [
                    -0.03765007609313002,
                    0.7131344894307254,
                    0.7000154796535292,
                    1.4493723057013101
                ],
                [
                    0.0,
                    0.0,
                    0.0,
                    1.0
                ]
            ],
            "colmap_im_id": 19
        },
        {
            "file_path": "images/frame_00004.JPG",
            "transform_matrix": [
                [
                    -0.4817942318933702,
                    0.6557123985122018,
                    -0.5813050563616775,
                    -0.5263367870465414
                ],
                [
                    -0.8761819785796756,
                    -0.3706196880455914,
                    0.3081333919671684,
                    0.46753392094705726
                ],
                [
                    -0.013396213139597475,
                    0.6577859053448655,
                    0.753085814634132,
                    1.3056578597051431
                ],
                [
                    0.0,
                    0.0,
                    0.0,
                    1.0
                ]
            ],
            "colmap_im_id": 4
        },
        {
            "file_path": "images/frame_00029.JPG",
            "transform_matrix": [
                [
                    -0.6621819838414978,
                    0.5964913334994951,
                    -0.45355607077376037,
                    -0.3537800625009827
                ],
                [
                    -0.7485772372288327,
                    -0.553928348882317,
                    0.36441117464665873,
                    0.4403671375351459
                ],
                [
                    -0.03386945790215747,
                    0.5808282649497216,
                    0.8133212074309325,
                    1.3237385314186112
                ],
                [
                    0.0,
                    0.0,
                    0.0,
                    1.0
                ]
            ],
            "colmap_im_id": 29
        },
        {
            "file_path": "images/frame_00030.JPG",
            "transform_matrix": [
                [
                    -0.7625406988197132,
                    0.5344258192830557,
                    -0.3645829484865936,
                    -0.22869466782239337
                ],
                [
                    -0.6461624317443397,
                    -0.656790235732404,
                    0.3887167324013903,
                    0.5090814311039392
                ],
                [
                    -0.03171426249787928,
                    0.5319921333348906,
                    0.8461551723082521,
                    1.273788134765553
                ],
                [
                    0.0,
                    0.0,
                    0.0,
                    1.0
                ]
            ],
            "colmap_im_id": 30
        },
        {
            "file_path": "images/frame_00031.JPG",
            "transform_matrix": [
                [
                    -0.8799048622007664,
                    0.3705917774299587,
                    -0.29737042216191284,
                    -0.14860524099383524
                ],
                [
                    -0.47300801628194983,
                    -0.7425430688416677,
                    0.4742290664312052,
                    0.5231900727790827
                ],
                [
                    -0.045064953217158726,
                    0.5579350548374803,
                    0.8286601381598089,
                    1.2780434044733706
                ],
                [
                    0.0,
                    0.0,
                    0.0,
                    1.0
                ]
            ],
            "colmap_im_id": 31
        },
        {
            "file_path": "images/frame_00032.JPG",
            "transform_matrix": [
                [
                    -0.8778422298284381,
                    0.3124127727808543,
                    -0.36303068593882504,
                    -0.07043128442676622
                ],
                [
                    -0.4633079442388142,
                    -0.7460337396890255,
                    0.4783089044235018,
                    0.5710783699054833
                ],
                [
                    -0.12140332917609493,
                    0.588074756003848,
                    0.7996432410869082,
                    1.3630944815880248
                ],
                [
                    0.0,
                    0.0,
                    0.0,
                    1.0
                ]
            ],
            "colmap_im_id": 32
        },
        {
            "file_path": "images/frame_00028.JPG",
            "transform_matrix": [
                [
                    -0.4641729485966858,
                    0.6260203745141966,
                    -0.6266114940568546,
                    -0.6141826785270122
                ],
                [
                    -0.8855855985548953,
                    -0.34140940430534306,
                    0.31492501692313696,
                    0.3606871977861066
                ],
                [
                    -0.016781579878719782,
                    0.7010977887177906,
                    0.7128676379467638,
                    1.3901198113747564
                ],
                [
                    0.0,
                    0.0,
                    0.0,
                    1.0
                ]
            ],
            "colmap_im_id": 28
        },
        {
            "file_path": "images/frame_00027.JPG",
            "transform_matrix": [
                [
                    -0.1662371751324241,
                    0.6803024593735952,
                    -0.713830347753743,
                    -0.6862951126931592
                ],
                [
                    -0.9860817271312136,
                    -0.11260670752751702,
                    0.12232153055670368,
                    0.13783053556185187
                ],
                [
                    0.0028335528782964126,
                    0.7242294478893065,
                    0.689553245071065,
                    1.403606593495091
                ],
                [
                    0.0,
                    0.0,
                    0.0,
                    1.0
                ]
            ],
            "colmap_im_id": 27
        },
        {
            "file_path": "images/frame_00005.JPG",
            "transform_matrix": [
                [
                    -0.5953141478720702,
                    0.5411552430535858,
                    -0.5939293461843469,
                    -0.6779947230677469
                ],
                [
                    -0.8034845444808526,
                    -0.397542672835418,
                    0.4431392671105415,
                    0.8091298967602947
                ],
                [
                    0.0036948780422754023,
                    0.7410201253613065,
                    0.6714726514801376,
                    1.3554928701649112
                ],
                [
                    0.0,
                    0.0,
                    0.0,
                    1.0
                ]
            ],
            "colmap_im_id": 5
        },
        {
            "file_path": "images/frame_00068.JPG",
            "transform_matrix": [
                [
                    0.45667669373479314,
                    0.4611848261615639,
                    -0.7607594583820735,
                    -0.8347840139674088
                ],
                [
                    -0.8894740639503561,
                    0.22054862045847404,
                    -0.40024267085544696,
                    -0.24132444860490665
                ],
                [
                    -0.016801397534007095,
                    0.8594573067536233,
                    0.5109313563569103,
                    1.5676894422170746
                ],
                [
                    0.0,
                    0.0,
                    0.0,
                    1.0
                ]
            ],
            "colmap_im_id": 68
        },
        {
            "file_path": "images/frame_00069.JPG",
            "transform_matrix": [
                [
                    0.333590569291759,
                    0.4917088299443291,
                    -0.8043256545917075,
                    -0.9463582517728036
                ],
                [
                    -0.9426137405674249,
                    0.1612848667130293,
                    -0.2923465885945088,
                    0.029865639020744128
                ],
                [
                    -0.014023843021328482,
                    0.8556924788287782,
                    0.517294609968801,
                    1.5642436797472046
                ],
                [
                    0.0,
                    0.0,
                    0.0,
                    1.0
                ]
            ],
            "colmap_im_id": 69
        },
        {
            "file_path": "images/frame_00072.JPG",
            "transform_matrix": [
                [
                    -0.3414093075987697,
                    0.49645269518360247,
                    -0.798106763616163,
                    -0.9601699758096457
                ],
                [
                    -0.9399119926817525,
                    -0.1782818313196226,
                    0.2911718300837814,
                    0.8703836553066837
                ],
                [
                    0.002265104400568569,
                    0.8495588914644228,
                    0.5274889185905197,
                    1.566006351178475
                ],
                [
                    0.0,
                    0.0,
                    0.0,
                    1.0
                ]
            ],
            "colmap_im_id": 72
        },
        {
            "file_path": "images/frame_00070.JPG",
            "transform_matrix": [
                [
                    0.12594489054223618,
                    0.5082400991944481,
                    -0.8519565048270489,
                    -1.059202191407331
                ],
                [
                    -0.9919758047390981,
                    0.05496261429884171,
                    -0.11385567110010412,
                    0.33139665179456945
                ],
                [
                    -0.011040260799568954,
                    0.8594597795128367,
                    0.5110841418408747,
                    1.5711263745112447
                ],
                [
                    0.0,
                    0.0,
                    0.0,
                    1.0
                ]
            ],
            "colmap_im_id": 70
        },
        {
            "file_path": "images/frame_00071.JPG",
            "transform_matrix": [
                [
                    -0.1586171744569313,
                    0.4712144460761207,
                    -0.8676390596189606,
                    -1.0438888502900148
                ],
                [
                    -0.9873338076436564,
                    -0.07885288263780345,
                    0.13767416309383473,
                    0.5880253484516802
                ],
                [
                    -0.0035417864388531868,
                    0.8784868631396164,
                    0.47775337470282525,
                    1.585377915602199
                ],
                [
                    0.0,
                    0.0,
                    0.0,
                    1.0
                ]
            ],
            "colmap_im_id": 71
        },
        {
            "file_path": "images/frame_00111.JPG",
            "transform_matrix": [
                [
                    -0.34842999693108656,
                    0.3507271351484145,
                    -0.8692450827638823,
                    -1.3765947667574785
                ],
                [
                    -0.9373348053052102,
                    -0.13037233585878027,
                    0.3231199727750804,
                    0.9820682207303544
                ],
                [
                    1.4304869515868705e-06,
                    0.9273583615373893,
                    0.374174383522767,
                    1.5950935134175297
                ],
                [
                    0.0,
                    0.0,
                    0.0,
                    1.0
                ]
            ],
            "colmap_im_id": 111
        },
        {
            "file_path": "images/frame_00073.JPG",
            "transform_matrix": [
                [
                    -0.47902307744890904,
                    0.4956230576722902,
                    -0.7244961531816068,
                    -0.7083687862357854
                ],
                [
                    -0.8777986535104751,
                    -0.2680824883902752,
                    0.3969903063220488,
                    1.1199963073137411
                ],
                [
                    0.0025328179114858973,
                    0.8261292659881065,
                    0.5634749512723523,
                    1.5449461700080889
                ],
                [
                    0.0,
                    0.0,
                    0.0,
                    1.0
                ]
            ],
            "colmap_im_id": 73
        },
        {
            "file_path": "images/frame_00110.JPG",
            "transform_matrix": [
                [
                    -0.11121753385473745,
                    0.3250212590819298,
                    -0.939144206875636,
                    -1.5335552545628253
                ],
                [
                    -0.993711089894472,
                    -0.04872983220690035,
                    0.10081504487837012,
                    0.7958027573544346
                ],
                [
                    -0.012997306798363101,
                    0.9444504140492948,
                    0.32839684136438463,
                    1.6110828648585056
                ],
                [
                    0.0,
                    0.0,
                    0.0,
                    1.0
                ]
            ],
            "colmap_im_id": 110
        },
        {
            "file_path": "images/frame_00112.JPG",
            "transform_matrix": [
                [
                    -0.6061624226756347,
                    0.3010430214749591,
                    -0.7361658892921027,
                    -1.207627588762725
                ],
                [
                    -0.7953373150991725,
                    -0.23220817654477285,
                    0.5599267076650216,
                    1.1366614403202484
                ],
                [
                    -0.0023817109069760455,
                    0.9249067314961973,
                    0.38018661928870773,
                    1.5923083971444572
                ],
                [
                    0.0,
                    0.0,
                    0.0,
                    1.0
                ]
            ],
            "colmap_im_id": 112
        },
        {
            "file_path": "images/frame_00006.JPG",
            "transform_matrix": [
                [
                    -0.8830482660212158,
                    0.31544504266595585,
                    -0.3474481039441681,
                    -0.3891957636665836
                ],
                [
                    -0.4691956468109074,
                    -0.6076806515861638,
                    0.6407649106353349,
                    1.0475240252440081
                ],
                [
                    -0.009011375622958546,
                    0.7288474811270792,
                    0.6846167865047523,
                    1.3492989486397577
                ],
                [
                    0.0,
                    0.0,
                    0.0,
                    1.0
                ]
            ],
            "colmap_im_id": 6
        },
        {
            "file_path": "images/frame_00074.JPG",
            "transform_matrix": [
                [
                    -0.6598347666042407,
                    0.4376945000476121,
                    -0.6107713200604608,
                    -0.5684373660123745
                ],
                [
                    -0.7511004720742791,
                    -0.3608374210298985,
                    0.5528511883267376,
                    1.3540908037823263
                ],
                [
                    0.021590776505756488,
                    0.8235410616432931,
                    0.5668456210974164,
                    1.54096872981461
                ],
                [
                    0.0,
                    0.0,
                    0.0,
                    1.0
                ]
            ],
            "colmap_im_id": 74
        },
        {
            "file_path": "images/frame_00387.JPG",
            "transform_matrix": [
                [
                    -0.274596460004112,
                    0.2206070111563844,
                    -0.9359109630631842,
                    -1.6033367555541609
                ],
                [
                    -0.9615589287495937,
                    -0.06411337735140439,
                    0.26700917846869915,
                    1.0771321834980117
                ],
                [
                    -0.0011003159288848685,
                    0.9732533182441472,
                    0.22973194778178624,
                    1.6226785675664148
                ],
                [
                    0.0,
                    0.0,
                    0.0,
                    1.0
                ]
            ],
            "colmap_im_id": 387
        },
        {
            "file_path": "images/frame_00114.JPG",
            "transform_matrix": [
                [
                    -0.4044018465288192,
                    0.45625256696215066,
                    -0.7926491920544231,
                    -0.9697645547239192
                ],
                [
                    -0.9136042154225587,
                    -0.16147326211952415,
                    0.37316715180011434,
                    1.3989909583642894
                ],
                [
                    0.04226682015732376,
                    0.875077128464073,
                    0.4821343538401518,
                    1.5373403221054505
                ],
                [
                    0.0,
                    0.0,
                    0.0,
                    1.0
                ]
            ],
            "colmap_im_id": 114
        },
        {
            "file_path": "images/frame_00389.JPG",
            "transform_matrix": [
                [
                    -0.30415065099369193,
                    0.35949327608610365,
                    -0.8821887360134416,
                    -1.5202004179584097
                ],
                [
                    -0.9523281613805488,
                    -0.13781752929970348,
                    0.2721716400716072,
                    1.0091276628200394
                ],
                [
                    -0.02373719742633095,
                    0.9229143584681115,
                    0.3842728618985961,
                    1.963805747065189
                ],
                [
                    0.0,
                    0.0,
                    0.0,
                    1.0
                ]
            ],
            "colmap_im_id": 389
        },
        {
            "file_path": "images/frame_00386.JPG",
            "transform_matrix": [
                [
                    -0.12768916980384257,
                    0.24073388973500906,
                    -0.9621552214938387,
                    -1.5817669996052952
                ],
                [
                    -0.9918127970502622,
                    -0.03264443380703766,
                    0.12345734708292125,
                    1.123599690936734
                ],
                [
                    -0.0016886450605145566,
                    0.970042027581522,
                    0.24293129317440582,
                    1.6185761511047145
                ],
                [
                    0.0,
                    0.0,
                    0.0,
                    1.0
                ]
            ],
            "colmap_im_id": 386
        },
        {
            "file_path": "images/frame_00115.JPG",
            "transform_matrix": [
                [
                    -0.6620186721684495,
                    0.3578393856904158,
                    -0.6585455578386574,
                    -0.9931326427744392
                ],
                [
                    -0.7492938749287256,
                    -0.2960330172486075,
                    0.5923876616650454,
                    1.693152465257215
                ],
                [
                    0.017028408458156615,
                    0.8856158460344933,
                    0.4641062449030295,
                    1.5489169034904973
                ],
                [
                    0.0,
                    0.0,
                    0.0,
                    1.0
                ]
            ],
            "colmap_im_id": 115
        },
        {
            "file_path": "images/frame_00075.JPG",
            "transform_matrix": [
                [
                    -0.7594359172807479,
                    0.3884204590107983,
                    -0.5219067297571376,
                    -0.41296904714466964
                ],
                [
                    -0.6498756226893672,
                    -0.4155418584065631,
                    0.6363856055459822,
                    1.6135523947800712
                ],
                [
                    0.030311096615862485,
                    0.8224685470787685,
                    0.5680024000724675,
                    1.5626669829816509
                ],
                [
                    0.0,
                    0.0,
                    0.0,
                    1.0
                ]
            ],
            "colmap_im_id": 75
        },
        {
            "file_path": "images/frame_00076.JPG",
            "transform_matrix": [
                [
                    -0.6946734549650272,
                    0.42890514869671076,
                    -0.5774678903527057,
                    -0.4776228583790809
                ],
                [
                    -0.7188102293294854,
                    -0.38353709051207013,
                    0.5798371792260552,
                    1.6947497530228732
                ],
                [
                    0.02721479704581272,
                    0.8178873233049822,
                    0.574734444068534,
                    1.6032131276071802
                ],
                [
                    0.0,
                    0.0,
                    0.0,
                    1.0
                ]
            ],
            "colmap_im_id": 76
        },
        {
            "file_path": "images/frame_00033.JPG",
            "transform_matrix": [
                [
                    -0.9119872764063991,
                    0.22366381103346786,
                    -0.3438803677252065,
                    -0.5995634495884898
                ],
                [
                    -0.40996438010366176,
                    -0.4674343661339713,
                    0.7832204800713222,
                    1.5599795295305716
                ],
                [
                    0.014436575738665232,
                    0.8552658142302413,
                    0.5179883901112305,
                    1.5322526632621
                ],
                [
                    0.0,
                    0.0,
                    0.0,
                    1.0
                ]
            ],
            "colmap_im_id": 33
        },
        {
            "file_path": "images/frame_00034.JPG",
            "transform_matrix": [
                [
                    -0.9352638931996682,
                    0.16037161534302433,
                    -0.315535093245218,
                    -0.23854231849178534
                ],
                [
                    -0.3523560786492219,
                    -0.5063870956900901,
                    0.7870306875576698,
                    1.6470254315634654
                ],
                [
                    -0.0335655167685931,
                    0.8472620930448995,
                    0.5301134800900963,
                    1.5187607718371214
                ],
                [
                    0.0,
                    0.0,
                    0.0,
                    1.0
                ]
            ],
            "colmap_im_id": 34
        },
        {
            "file_path": "images/frame_00007.JPG",
            "transform_matrix": [
                [
                    -0.9782202592655969,
                    0.14080127024619152,
                    -0.15251270982907444,
                    -0.11319638597078752
                ],
                [
                    -0.20731590381676648,
                    -0.6990617546908782,
                    0.6843484340254948,
                    1.2015872801293674
                ],
                [
                    -0.01025867374399198,
                    0.7010618128421836,
                    0.7130267135160123,
                    1.3541994865909357
                ],
                [
                    0.0,
                    0.0,
                    0.0,
                    1.0
                ]
            ],
            "colmap_im_id": 7
        },
        {
            "file_path": "images/frame_00035.JPG",
            "transform_matrix": [
                [
                    -0.9834262028030389,
                    0.07370939806466022,
                    -0.16564971559692285,
                    -0.023969839217120453
                ],
                [
                    -0.17876070649949832,
                    -0.54682033449722,
