{
    "w": 4284,
    "h": 5712,
    "fl_x": 4024.8166,
    "fl_y": 4000.6211,
    "cx": 2159.5867,
    "cy": 2814.4041,
    "k1": 0.061275848755543684,
    "k2": -0.07999673872474924,
    "p1": -0.002705828579357601,
    "p2": 0.00021305101457548328,
    "camera_model": "OPENCV",
    "frames": [
        {
            "file_path": "images/frame_00047.JPG",
            "transform_matrix": [
                [
                    0.9995638031111048,
                    0.029011808080321787,
                    0.005524355344764111,
                    0.711026460661135
                ],
                [
                    0.006263930448433519,
                    -0.02546351022696549,
                    -0.9996561272869078,
                    -1.102004635307825
                ],
                [
                    -0.028861162232346707,
                    0.9992546845718722,
                    -0.02563413107102257,
                    -0.806228464345569
                ],
                [
                    0.0,
                    0.0,
                    0.0,
                    1.0
                ]
            ],
            "colmap_im_id": 47
        },
        {
            "file_path": "images/frame_00046.JPG",
            "transform_matrix": [
                [
                    0.9585833384884231,
                    -0.17029349094690338,
                    0.22829391168733798,
                    1.531176625156126
                ],
                [
                    0.2241375315847207,
                    -0.043508504929346,
                    -0.9735858343946472,
                    -0.8942861811414379
                ],
                [
                    0.17572805725750643,
                    0.9844323932804783,
                    -0.003537365202028601,
                    -0.7293344426155131
                ],
                [
                    0.0,
                    0.0,
                    0.0,
                    1.0
                ]
            ],
            "colmap_im_id": 46
        },
        {
            "file_path": "images/frame_00019.JPG",
            "transform_matrix": [
                [
                    0.9333246066706041,
                    0.15586106594351948,
                    -0.32343856712846164,
                    0.3699206682306555
                ],
                [
                    -0.32775142511343697,
                    0.0020922926288386764,
                    -0.9447616766400224,
                    -0.23772277524303215
                ],
                [
                    -0.14657483385381553,
                    0.9877767715605107,
                    0.05303647467753857,
                    -1.1873128905966441
                ],
                [
                    0.0,
                    0.0,
                    0.0,
                    1.0
                ]
            ],
            "colmap_im_id": 19
        },
        {
            "file_path": "images/frame_00017.JPG",
            "transform_matrix": [
                [
                    0.9137942166230734,
                    0.23190899049163005,
                    -0.3334641656840755,
                    0.4149283879828415
                ],
                [
                    -0.33306471019859024,
                    -0.04208032108447953,
                    -0.9419645138739338,
                    -0.24322697239985971
                ],
                [
                    -0.232482318653597,
                    0.9718268707473466,
                    0.038787946669903046,
                    -1.1306208810721714
                ],
                [
                    0.0,
                    0.0,
                    0.0,
                    1.0
                ]
            ],
            "colmap_im_id": 17
        },
        {
            "file_path": "images/frame_00018.JPG",
            "transform_matrix": [
                [
                    0.924260739992532,
                    0.2186863651506064,
                    -0.31291909210796437,
                    0.4507785051573904
                ],
                [
                    -0.32585111403995615,
                    0.024844948115463613,
                    -0.9450945878757636,
                    -0.18887987557820585
                ],
                [
                    -0.1989048415383008,
                    0.9754788579207422,
                    0.09422240583994823,
                    -1.021380026669818
                ],
                [
                    0.0,
                    0.0,
                    0.0,
                    1.0
                ]
            ],
            "colmap_im_id": 18
        },
        {
            "file_path": "images/frame_00016.JPG",
            "transform_matrix": [
                [
                    0.9619055340820357,
                    0.14893252198234258,
                    -0.22925280237836312,
                    0.6049014617861184
                ],
                [
                    -0.2115640218138637,
                    -0.1255724877436543,
                    -0.9692637489330822,
                    -0.33640388728439435
                ],
                [
                    -0.17314273931151944,
                    0.9808418089670978,
                    -0.0892801075596036,
                    -1.1389892587247634
                ],
                [
                    0.0,
                    0.0,
                    0.0,
                    1.0
                ]
            ],
            "colmap_im_id": 16
        },
        {
            "file_path": "images/frame_00015.JPG",
            "transform_matrix": [
                [
                    0.9858442247412973,
                    0.05315687488455723,
                    -0.15901418552046917,
                    0.7740762050057203
                ],
                [
                    -0.15117671635098975,
                    -0.12830376884553898,
                    -0.9801447563158019,
                    -0.3510848974548651
                ],
                [
                    -0.07250355148241387,
                    0.9903092898446112,
                    -0.1184514477323892,
                    -1.1497129037599108
                ],
                [
                    0.0,
                    0.0,
                    0.0,
                    1.0
                ]
            ],
            "colmap_im_id": 15
        },
        {
            "file_path": "images/frame_00012.JPG",
            "transform_matrix": [
                [
                    0.9995419176162582,
                    0.01625895593932477,
                    0.025526481931056683,
                    1.1622005910870492
                ],
                [
                    0.025620600195311722,
                    -0.005606919594916768,
                    -0.9996560144861273,
                    -0.1880174938491662
                ],
                [
                    -0.016110238162282412,
                    0.9998520934640379,
                    -0.006020915373537907,
                    -1.1404619123419426
                ],
                [
                    0.0,
                    0.0,
                    0.0,
                    1.0
                ]
            ],
            "colmap_im_id": 12
        },
        {
            "file_path": "images/frame_00013.JPG",
            "transform_matrix": [
                [
                    0.9997174392029773,
                    0.007497642016716725,
                    0.022557196581821936,
                    1.1729469246490782
                ],
                [
                    0.0233860132763375,
                    -0.14021461025694418,
                    -0.9898449158598193,
                    -0.2895796176966761
                ],
                [
                    -0.004258654303974576,
                    0.990092747390204,
                    -0.14035033106065986,
                    -1.1379033010103514
                ],
                [
                    0.0,
                    0.0,
                    0.0,
                    1.0
                ]
            ],
            "colmap_im_id": 13
        },
        {
            "file_path": "images/frame_00014.JPG",
            "transform_matrix": [
                [
                    0.9939010861033094,
                    -0.10455384414289166,
                    0.035058875019116066,
                    1.2817195253631146
                ],
                [
                    0.02240379680604299,
                    -0.11984422064263216,
                    -0.9925398897108538,
                    -0.3621803876062281
                ],
                [
                    0.1079754644877049,
                    0.9872719262966532,
                    -0.11677089798044872,
                    -1.212125679894263
                ],
                [
                    0.0,
                    0.0,
                    0.0,
                    1.0
                ]
            ],
            "colmap_im_id": 14
        },
        {
            "file_path": "images/frame_00011.JPG",
            "transform_matrix": [
                [
                    0.953557682159048,
                    -0.1388599799628921,
                    0.26729319624743425,
                    1.5532571729156979
                ],
                [
                    0.2597044696702135,
                    -0.07050171529483505,
                    -0.9631111548382145,
                    -0.24151969732547043
                ],
                [
                    0.1525822244849554,
                    0.9877992782469478,
                    -0.03116489477010062,
                    -1.1581196100575328
                ],
                [
                    0.0,
                    0.0,
                    0.0,
                    1.0
                ]
            ],
            "colmap_im_id": 11
        },
        {
            "file_path": "images/frame_00045.JPG",
            "transform_matrix": [
                [
                    0.9725432134947904,
                    -0.10366574360412706,
                    0.20835813276239046,
                    1.264209153430303
                ],
                [
                    0.20377235568362237,
                    -0.053135579286626954,
                    -0.97757528470856,
                    -0.9584228292699245
                ],
                [
                    0.11241229890173862,
                    0.9931918363623807,
                    -0.030552434252416022,
                    -0.7235676926544747
                ],
                [
                    0.0,
                    0.0,
                    0.0,
                    1.0
                ]
            ],
            "colmap_im_id": 45
        },
        {
            "file_path": "images/frame_00235.JPG",
            "transform_matrix": [
                [
                    0.9985912158577007,
                    -0.010761074276619131,
                    0.05195943506479008,
                    1.080603349343248
                ],
                [
                    0.05305568946580844,
                    0.21768048365864953,
                    -0.9745769855939777,
                    -0.8770015327496794
                ],
                [
                    -0.0008230596252733327,
                    0.9759607606428394,
                    0.217944755060322,
                    -0.4553501038452114
                ],
                [
                    0.0,
                    0.0,
                    0.0,
                    1.0
                ]
            ],
            "colmap_im_id": 235
        },
        {
            "file_path": "images/frame_00044.JPG",
            "transform_matrix": [
                [
                    0.9417078348043665,
                    -0.1861021983344836,
                    0.2802718780811666,
                    1.684486703983872
                ],
                [
                    0.292636021632441,
                    0.04209963650288133,
                    -0.9552966970786945,
                    -0.8495404771206277
                ],
                [
                    0.16598347119881934,
                    0.9816280315788651,
                    0.09410576447483404,
                    -0.7201605200030495
                ],
                [
                    0.0,
                    0.0,
                    0.0,
                    1.0
                ]
            ],
            "colmap_im_id": 44
        },
        {
            "file_path": "images/frame_00236.JPG",
            "transform_matrix": [
                [
                    0.9691132926000825,
                    0.20782886500527126,
                    -0.13276516477015954,
                    0.6521752742857013
                ],
                [
                    -0.1814422627931016,
                    0.2362538342006432,
                    -0.9546008752866374,
                    -0.8145555082069658
                ],
                [
                    -0.16702733721862997,
                    0.9492056092839505,
                    0.2666656706918578,
                    -0.41245427048353017
                ],
                [
                    0.0,
                    0.0,
                    0.0,
                    1.0
                ]
            ],
            "colmap_im_id": 236
        },
        {
            "file_path": "images/frame_00123.JPG",
            "transform_matrix": [
                [
                    0.996625978633728,
                    0.04684929309483726,
                    -0.06739289613065806,
                    0.9293954962429307
                ],
                [
                    -0.06711372410693464,
                    -0.007508386238473577,
                    -0.9977170802249465,
                    -1.2438022008743708
                ],
                [
                    -0.0472483518110621,
                    0.9988737497164534,
                    -0.00433882225150692,
                    -0.8771072747631049
                ],
                [
                    0.0,
                    0.0,
                    0.0,
                    1.0
                ]
            ],
            "colmap_im_id": 123
        },
        {
            "file_path": "images/frame_00122.JPG",
            "transform_matrix": [
                [
                    0.9800557864752876,
                    -0.13031696499381357,
                    0.15002714431431013,
                    1.2186768892808544
                ],
                [
                    0.16489726161332555,
                    0.11197133530428137,
                    -0.9799343412609862,
                    -0.9775809399205432
                ],
                [
                    0.11090332956558224,
                    0.9851293867837754,
                    0.13122706575356508,
                    -0.7669698501769291
                ],
                [
                    0.0,
                    0.0,
                    0.0,
                    1.0
                ]
            ],
            "colmap_im_id": 122
        },
        {
            "file_path": "images/frame_00234.JPG",
            "transform_matrix": [
                [
                    0.9418476742537962,
                    -0.2223105302967352,
                    0.25199402100426765,
                    1.4533133816458745
                ],
                [
                    0.29457049460045415,
                    0.18532258835075072,
                    -0.9374880063007858,
                    -0.7987723074852113
                ],
                [
                    0.16171327160613236,
                    0.9572009017788077,
                    0.24003177168924678,
                    -0.4160242566807644
                ],
                [
                    0.0,
                    0.0,
                    0.0,
                    1.0
                ]
            ],
            "colmap_im_id": 234
        },
        {
            "file_path": "images/frame_00120.JPG",
            "transform_matrix": [
                [
                    0.8598034254219058,
                    -0.2320047171105576,
                    0.45487567628002157,
                    1.9428536154160767
                ],
                [
                    0.45980979944307837,
                    -0.03562954277727501,
                    -0.8873023633562567,
                    -1.0165645857508219
                ],
                [
                    0.22206534616835846,
                    0.9720619048805135,
                    0.07604363951833627,
                    -0.7928453278541182
                ],
                [
                    0.0,
                    0.0,
                    0.0,
                    1.0
                ]
            ],
            "colmap_im_id": 120
        },
        {
            "file_path": "images/frame_00121.JPG",
            "transform_matrix": [
                [
                    0.9304179071904954,
                    -0.21891732580153953,
                    0.29393489490559205,
                    1.5735854247392225
                ],
                [
                    0.3146955968228975,
                    0.06612251830767558,
                    -0.9468867376370477,
                    -0.944414467310822
                ],
                [
                    0.18785419697078676,
                    0.9735003939580886,
                    0.13041389359998087,
                    -0.7508270416758583
                ],
                [
                    0.0,
                    0.0,
                    0.0,
                    1.0
                ]
            ],
            "colmap_im_id": 121
        },
        {
            "file_path": "images/frame_00043.JPG",
            "transform_matrix": [
                [
                    0.844161879501196,
                    -0.2351754519818093,
                    0.48175017175104323,
                    1.9715866667546202
                ],
                [
                    0.4544608001382164,
                    -0.1627203094829937,
                    -0.8757782150861545,
                    -0.8066649355892038
                ],
                [
                    0.2843520746095237,
                    0.9582351525940332,
                    -0.030484258205660492,
                    -0.6318846959313816
                ],
                [
                    0.0,
                    0.0,
                    0.0,
                    1.0
                ]
            ],
            "colmap_im_id": 43
        },
        {
            "file_path": "images/frame_00233.JPG",
            "transform_matrix": [
                [
                    0.837764838209034,
                    -0.38251811256348733,
                    0.3896536531606732,
                    1.7776090211630495
                ],
                [
                    0.46181529289544243,
                    0.1156238676881472,
                    -0.8794076167902634,
                    -0.7398605804500323
                ],
                [
                    0.2913360793113131,
                    0.9166847957622627,
                    0.2735183249981821,
                    -0.38284657328345384
                ],
                [
                    0.0,
                    0.0,
                    0.0,
                    1.0
                ]
            ],
            "colmap_im_id": 233
        },
        {
            "file_path": "images/frame_00042.JPG",
            "transform_matrix": [
                [
                    0.8076781848118094,
                    -0.35669976390634195,
                    0.46949039202976317,
                    2.2139376638255466
                ],
                [
                    0.49205760486472244,
                    -0.030945627671184132,
                    -0.8700124606135414,
                    -0.5594231547914491
                ],
                [
                    0.32486191416337723,
                    0.9337064027611658,
                    0.15052272309824255,
                    -0.5986569382649912
                ],
                [
                    0.0,
                    0.0,
                    0.0,
                    1.0
                ]
            ],
            "colmap_im_id": 42
        },
        {
            "file_path": "images/frame_00010.JPG",
            "transform_matrix": [
                [
                    0.9333071956573376,
                    -0.16658572671222477,
                    0.3180988434276308,
                    1.8844127698161575
                ],
                [
                    0.2995748287001734,
                    -0.12717632364747988,
                    -0.9455586204528905,
                    -0.15854240125565103
                ],
                [
                    0.19797121140079482,
                    0.9777910709140638,
                    -0.06878968743373072,
                    -1.1372183930434512
                ],
                [
                    0.0,
                    0.0,
                    0.0,
                    1.0
                ]
            ],
            "colmap_im_id": 10
        },
        {
            "file_path": "images/frame_00009.JPG",
            "transform_matrix": [
                [
                    0.8359224810584871,
                    -0.28598946944034953,
                    0.4684481070836456,
                    2.116012222650147
                ],
                [
                    0.443360955487923,
                    -0.15124426489748785,
                    -0.8834909368434146,
                    0.02437883558947084
                ],
                [
                    0.32351919388169115,
                    0.9462215362719483,
                    0.0003680832715824332,
                    -1.0526288127368009
                ],
                [
                    0.0,
                    0.0,
                    0.0,
                    1.0
                ]
            ],
            "colmap_im_id": 9
        },
        {
            "file_path": "images/frame_00048.JPG",
            "transform_matrix": [
                [
                    0.9983416119864058,
                    0.042329622701151016,
                    -0.039015750900919105,
                    0.3147385043896452
                ],
                [
                    -0.036640969583760875,
                    -0.05549723484919338,
                    -0.9977862978975284,
                    -1.2213648689327117
                ],
                [
                    -0.04440118381694659,
                    0.9975611560030151,
                    -0.05385420048224692,
                    -0.8405657628843818
                ],
                [
                    0.0,
                    0.0,
                    0.0,
                    1.0
                ]
            ],
            "colmap_im_id": 48
        },
        {
            "file_path": "images/frame_00237.JPG",
            "transform_matrix": [
                [
                    0.834831983399063,
                    0.45716247169800883,
                    -0.3066888226932209,
                    0.3934727596886268
                ],
                [
                    -0.43719463236826167,
                    0.21203244622547646,
                    -0.8740155005353286,
                    -0.7193301655460018
                ],
                [
                    -0.3345391052214482,
                    0.8637388009222507,
                    0.37688044637394646,
                    -0.3964001473111645
                ],
                [
                    0.0,
                    0.0,
                    0.0,
                    1.0
                ]
            ],
            "colmap_im_id": 237
        },
        {
            "file_path": "images/frame_00232.JPG",
            "transform_matrix": [
                [
                    0.6628771358365142,
                    -0.5337311595828093,
                    0.5250951838243895,
                    1.9949819929141495
                ],
                [
                    0.6085633853688739,
                    -0.024478131225848607,
                    -0.7931276234503912,
                    -0.5912250964745596
                ],
                [
                    0.4361702749770497,
                    0.845299870094678,
                    0.3085832478349483,
                    -0.2759854025181786
                ],
                [
                    0.0,
                    0.0,
                    0.0,
                    1.0
                ]
            ],
            "colmap_im_id": 232
        },
        {
            "file_path": "images/frame_00041.JPG",
            "transform_matrix": [
                [
                    0.7286808043565947,
                    -0.3884115883390104,
                    0.5640573759877565,
                    2.3810913419474233
                ],
                [
                    0.5754323371547083,
                    -0.09935526046722545,
                    -0.8117919422944277,
                    -0.2789650515791435
                ],
                [
                    0.3713514652171123,
                    0.9161140596352929,
                    0.1511063169415724,
                    -0.3995458278092649
                ],
                [
                    0.0,
                    0.0,
                    0.0,
                    1.0
                ]
            ],
            "colmap_im_id": 41
        },
        {
            "file_path": "images/frame_00006.JPG",
            "transform_matrix": [
                [
                    0.6605492976325633,
                    -0.37067618349605724,
                    0.6528964637566393,
                    2.3540015081774976
                ],
                [
                    0.6136660801942776,
                    -0.23443673474553936,
                    -0.7539584600101255,
                    0.19896618564117322
                ],
                [
                    0.43253735956113387,
                    0.8986871448900595,
                    0.07261438007196265,
                    -0.8804872426799075
                ],
                [
                    0.0,
                    0.0,
                    0.0,
                    1.0
                ]
            ],
            "colmap_im_id": 6
        },
        {
            "file_path": "images/frame_00007.JPG",
            "transform_matrix": [
                [
                    0.6406131888521326,
                    -0.35136911685037353,
                    0.6827550702795919,
                    2.4197934744142695
                ],
                [
                    0.6102556281115757,
                    -0.3066997296325972,
                    -0.7304268233036337,
                    0.2140766235885376
                ],
                [
                    0.4660502232880573,
                    0.8845761807595095,
                    0.017949089282509517,
                    -0.9556438875994241
                ],
                [
                    0.0,
                    0.0,
                    0.0,
                    1.0
                ]
            ],
            "colmap_im_id": 7
        },
        {
            "file_path": "images/frame_00008.JPG",
            "transform_matrix": [
                [
                    0.6006071763511414,
                    -0.41594062975166757,
                    0.6828355674957882,
                    2.485199842758835
                ],
                [
                    0.6069894758092998,
                    -0.31868112839210666,
                    -0.7280151884840623,
                    0.30960081489514885
                ],
                [
                    0.5204179051226623,
                    0.8517251498743712,
                    0.06106941214077612,
                    -0.9071655267182122
                ],
                [
                    0.0,
                    0.0,
                    0.0,
                    1.0
                ]
            ],
            "colmap_im_id": 8
        },
        {
            "file_path": "images/frame_00005.JPG",
            "transform_matrix": [
                [
                    0.5138284166505748,
                    -0.4137465023629654,
                    0.7515279036900598,
                    2.506164739288389
                ],
                [
                    0.6954248861782489,
                    -0.3120914399327644,
                    -0.647289085961337,
                    0.43085740342757745
                ],
                [
                    0.5023590209465068,
                    0.8552267330381496,
                    0.12736816388156363,
                    -0.7118700575006035
                ],
                [
                    0.0,
                    0.0,
                    0.0,
                    1.0
                ]
            ],
            "colmap_im_id": 5
        },
        {
            "file_path": "images/frame_00040.JPG",
            "transform_matrix": [
                [
                    0.6039016845814423,
                    -0.4235600058851938,
                    0.6752034336214754,
                    2.518335537194481
                ],
                [
                    0.6722367707447732,
                    -0.1844904206677427,
                    -0.71698048002751,
                    -0.09818938603187122
                ],
                [
                    0.4282528218451515,
                    0.886882295514108,
                    0.17331853474251113,
                    -0.287390020421498
                ],
                [
                    0.0,
                    0.0,
                    0.0,
                    1.0
                ]
            ],
            "colmap_im_id": 40
        },
        {
            "file_path": "images/frame_00002.JPG",
            "transform_matrix": [
                [
                    0.3819926541893121,
                    -0.48232192457544526,
                    0.7883192076939667,
                    2.49044096879698
                ],
                [
                    0.7481481453341108,
                    -0.3393796369371821,
                    -0.570171741377558,
                    0.6768171135298067
                ],
                [
                    0.5425458181375422,
                    0.8075809700000519,
                    0.231207725033659,
                    -0.5507729095173293
                ],
                [
                    0.0,
                    0.0,
                    0.0,
                    1.0
                ]
            ],
            "colmap_im_id": 2
        },
        {
            "file_path": "images/frame_00231.JPG",
            "transform_matrix": [
                [
                    0.41901813704241925,
                    -0.6302973549694195,
                    0.6535664045436038,
                    2.2864423206908953
                ],
                [
                    0.7399978302737082,
                    -0.18004313967239363,
                    -0.6480645639495425,
                    -0.33567202654000544
                ],
                [
                    0.5261435279652351,
                    0.7551885275714006,
                    0.3909773341318334,
                    -0.10069662846291694
                ],
                [
                    0.0,
                    0.0,
                    0.0,
                    1.0
                ]
            ],
            "colmap_im_id": 231
        },
        {
            "file_path": "images/frame_00104.JPG",
            "transform_matrix": [
                [
                    0.5722326962262897,
                    -0.47462584376628264,
                    0.6687899893081051,
                    2.546738847402802
                ],
                [
                    0.6856845501110221,
                    -0.1704582067942604,
                    -0.7076586023468735,
                    0.11572227897658854
                ],
                [
                    0.44987380353676526,
                    0.8635243529661623,
                    0.2279018488861697,
                    -0.08332561302748567
                ],
                [
                    0.0,
                    0.0,
                    0.0,
                    1.0
                ]
            ],
            "colmap_im_id": 104
        },
        {
            "file_path": "images/frame_00039.JPG",
            "transform_matrix": [
                [
                    0.36368588426919607,
                    -0.4775011955117981,
                    0.7998282227254403,
                    2.667884233108495
                ],
                [
                    0.7810776433490202,
                    -0.3115529356196348,
                    -0.5411584641924476,
                    0.1965613340270494
                ],
                [
                    0.5075926443947684,
                    0.8215396378700124,
                    0.25965810359920405,
                    -0.08161481049826805
                ],
                [
                    0.0,
                    0.0,
                    0.0,
                    1.0
                ]
            ],
            "colmap_im_id": 39
        },
        {
            "file_path": "images/frame_00230.JPG",
            "transform_matrix": [
                [
                    0.10505327765779938,
                    -0.7573133839586673,
                    0.6445465439597247,
                    2.239815514601248
                ],
                [
                    0.7718010744687116,
                    -0.34663421578003206,
                    -0.5330739366162113,
                    0.1076060783551843
                ],
                [
                    0.6271259126382002,
                    0.5534628794486891,
                    0.5480802229328021,
                    0.11779490952021338
                ],
                [
                    0.0,
                    0.0,
                    0.0,
                    1.0
                ]
            ],
            "colmap_im_id": 230
        },
        {
            "file_path": "images/frame_00003.JPG",
            "transform_matrix": [
                [
                    0.13871627067517664,
                    -0.48342494985802087,
                    0.8643252362998208,
                    2.576754993670501
                ],
                [
                    0.7451643442432743,
                    -0.5239056464803018,
                    -0.41261722413702984,
                    0.8070492292424943
                ],
                [
                    0.6522943325818968,
                    0.7013010704689013,
                    0.287556798286375,
                    -0.4523999029603679
                ],
                [
                    0.0,
                    0.0,
                    0.0,
                    1.0
                ]
            ],
            "colmap_im_id": 3
        },
        {
            "file_path": "images/frame_00037.JPG",
            "transform_matrix": [
                [
                    0.3040421078620272,
                    -0.4867177990574183,
                    0.8189408896419313,
                    2.544390891561758
                ],
                [
                    0.7892897902862789,
                    -0.3526729701086995,
                    -0.5026364522242196,
                    0.4483024785842675
                ],
                [
                    0.5334604236460819,
                    0.7992043294648816,
                    0.27693395632881834,
                    0.10090338962103795
                ],
                [
                    0.0,
                    0.0,
                    0.0,
                    1.0
                ]
            ],
            "colmap_im_id": 37
        },
        {
            "file_path": "images/frame_00022.JPG",
            "transform_matrix": [
                [
                    0.7990488938965887,
                    0.29106261377365983,
                    -0.5261211077555087,
                    -0.023377893462049427
                ],
                [
                    -0.5182412076522053,
                    -0.11028555630760364,
                    -0.8480938313424443,
                    -0.09354240044560938
                ],
                [
                    -0.3048719663298383,
                    0.9503260761092308,
                    0.06271708868410827,
                    -1.1211097453638088
                ],
                [
                    0.0,
                    0.0,
                    0.0,
                    1.0
                ]
            ],
            "colmap_im_id": 22
        },
        {
            "file_path": "images/frame_00020.JPG",
            "transform_matrix": [
                [
                    0.7629828686158197,
                    0.34358441058012357,
                    -0.5475462491927822,
                    0.007303159436406905
                ],
                [
                    -0.5548494931894115,
                    -0.08650473371164852,
                    -0.8274412190318596,
                    -0.08958704316055613
                ],
                [
                    -0.33166124601199404,
                    0.9351292337702772,
                    0.12463600620200306,
                    -1.0242841423725335
                ],
                [
                    0.0,
                    0.0,
                    0.0,
                    1.0
                ]
            ],
            "colmap_im_id": 20
        },
        {
            "file_path": "images/frame_00021.JPG",
            "transform_matrix": [
                [
                    0.7716551203633416,
                    0.334918435288126,
                    -0.5407199061632467,
                    0.052848914224516264
                ],
                [
                    -0.5421816733276795,
